-0.038527 -0.000179497 0.0109741 
-0.476418 -0.00173864 0.00133784 
-3.54142 -0.0155022 -0.0104334 
-3.77107 0.00171144 0.017005 
3.29353 0.00325187 -0.00333831 
3.57172 0.00392843 -0.00104125 
-3.18221 -0.0028968 -0.0025528 
-0.680198 -0.00112944 0.0164516 
-0.577873 0.00150502 -0.0233155 
4.24663 0.0065227 -0.00582128 
2.01617 -0.0445161 -0.0067594 
-0.474967 -0.00157419 -0.0147314 
-0.855333 -0.0044047 -0.0118486 
0.512006 -0.176964 0.00996507 
2.0858 -0.0249216 -0.0154654 
1.66693 0.00241217 -0.00355372 
1.22889 0.00253774 -0.0147604 
-4.32909 0.011673 -0.00467279 
-4.19618 -0.00141124 0.00955598 
1.6625 0.00497841 -0.0184136 
-0.0955274 -0.00342634 -0.00580353 
0.195852 -0.152813 -0.0186518 
0.665673 0.00250826 0.0735173 
-4.01433 0.000657907 -0.00759561 
2.19226 0.00243935 -0.00444624 
-0.119054 0.00169827 0.0796039 
-3.55438 -0.00128663 0.0137245 
0.685708 0.000547349 -0.0101261 
4.63007 0.00992226 -0.0039894 
-1.84082 -0.00584297 0.000590246 
2.94401 0.005992 -0.0164883 
1.48606 0.000790026 -0.00338693 
4.2885 0.00469204 -0.00211503 
2.37842 0.0136078 -0.0178907 
0.960591 0.114633 -0.0137529 
2.9101 0.0110415 -0.00255424 
4.41544 0.00551088 -0.00164995 
-2.14664 -0.00274591 -0.0227493 
0.504905 0.00149729 -0.0183204 
-3.79393 -0.00222424 0.0102714 
2.71677 0.00261657 -0.0157205 
2.65067 0.00605734 -0.0110779 
3.16791 0.00368693 -0.00448114 
-2.1016 0.00279827 -0.00372703 
3.08465 0.00333664 -0.0132581 
3.40495 0.00453846 0.0121894 
-1.73131 -0.00263487 -0.00835978 
-0.422272 -0.16239 0.00383824 
-0.882797 -0.00477899 -0.0203018 
-1.16814 -0.000462674 0.00690866 
2.55284 0.0020733 -4.91319e-05 
-0.0121019 -0.00037401 -0.0148653 
1.60085 0.00513161 -0.0141075 
-0.481228 0.000277404 -0.00470259 
-3.20788 -0.0062779 0.00959663 
-1.01929 -0.126776 -0.00906837 
-0.0488755 0.000886987 -0.00145598 
-2.85516 0.000102025 0.00313993 
-0.949188 -0.0398341 -0.0037564 
-3.35129 0.000900974 -0.0146539 
-0.429938 0.153657 0.00675013 
1.81236 -0.0303235 0.00735951 
-0.116994 -0.0197357 -0.000112549 
0.658896 -0.155317 0.0147974 
-2.07231 0.00203672 -0.000145237 
-1.64875 -0.00132571 0.0201094 
-2.39413 -0.00847989 -0.0223921 
2.71917 0.00622839 -0.0243216 
-4.0522 8.87982e-05 0.00404855 
1.35188 0.00630967 -0.00840889 
0.185582 0.000551973 -0.0131956 
-2.89588 -0.012155 0.0132824 
4.7421 0.00409561 0.0196273 
-4.81125 -0.00369031 0.0100376 
2.39627 -0.0319393 0.0211177 
-1.21268 -0.197583 0.0152198 
-2.52546 -0.00227286 -0.010942 
-1.15149 -0.000815916 -0.008466 
2.04627 -0.00250019 0.026053 
-3.61979 -0.000632636 0.00390225 
2.80499 0.00203807 -4.14417e-05 
-2.59034 0.0838387 0.0121788 
-3.82167 -0.00188989 -0.0202635 
2.03366 0.00150855 -0.0225836 
2.81752 -0.00209698 0.0257974 
-1.18284 -0.00562109 -0.0238462 
-1.2072 0.145117 0.00937505 
-2.20049 -0.00520071 -0.0140817 
-1.56962 -0.0073813 -0.0244874 
2.82661 0.000355508 0.0204659 
-1.18833 0.00743952 -0.0070659 
1.6945 0.00740977 -0.0145893 
-1.94548 -0.00888556 0.0185773 
3.60616 0.0122472 -0.0129825 
-0.412332 -4.83767e-05 0.012719 
4.19159 0.00868348 -0.0156795 
-3.10904 0.0165158 0.0173207 
0.872564 -0.0569746 0.00847207 
0.703495 -0.000379584 0.0212703 
3.4019 0.00233856 -0.00856456 
-2.34103 0.00123219 -0.012201 
-2.157 -0.000901529 0.0115117 
-1.2765 -0.0077416 -0.0102724 
-1.63122 -0.000338239 0.0154116 
0.993585 -0.10721 0.0198898 
-0.128609 -0.00225165 0.0222787 
-1.26223 -0.00561161 0.0436983 
-0.498627 0.131041 0.000911376 
-3.63477 0.00583986 0.0137292 
2.51298 0.0278432 0.0216711 
-0.224673 0.19544 0.0133203 
-2.05391 -0.015086 -0.0162998 
-0.339538 0.000823251 -0.0231481 
-1.84719 0.00441598 -0.00202919 
3.07445 0.00259458 -0.000655806 
-0.495724 -0.000673885 -0.0227091 
1.90766 -0.003464 -0.0139632 
-2.97743 -0.0107949 -0.0154297 
1.17467 0.137803 -0.00649776 
0.367194 -0.152308 -0.0101623 
-3.03137 0.00218735 -0.00464332 
-0.957657 -0.00196669 0.0192302 
3.67374 -0.000404033 0.0240314 
-3.90715 -0.000241262 -0.0103681 
0.29093 0.16217 0.00412987 
-2.1582 0.0104569 -0.0207828 
2.05282 -0.000106951 0.0221499 
1.54909 -0.11908 -0.0169689 
0.079234 0.00123479 -0.0171605 
1.18374 0.00142757 -0.0122077 
-2.13703 -0.00932494 -0.0189273 
1.00791 -0.0405767 0.0177335 
0.177606 0.000328031 0.0235652 
-3.74177 0.000351779 0.00401951 
2.24391 0.0712105 -0.0173104 
-2.93059 0.00226304 0.012189 
3.18521 -0.000999377 0.00272988 
-0.64959 -0.00193396 0.0208639 
-1.9213 -0.0991731 0.00723992 
-4.12812 0.00268208 -0.0032195 
3.12748 -0.00449429 -0.00751964 
-4.75141 -0.00354312 0.0090619 
1.32037 -0.00103137 0.0211022 
-2.19473 0.00163423 -0.00409804 
4.01254 0.00576714 0.00344549 
1.05833 0.00525827 -0.00827095 
-1.00822 0.158043 -0.00148075 
4.28508 0.00171836 -0.00741829 
-0.601295 -0.145546 -0.0202577 
-1.16258 0.00337215 0.00169931 
2.06048 -0.0458858 0.0139504 
2.20772 0.00339576 -0.0125459 
-0.450584 0.149575 -0.0133567 
3.6449 0.0144433 -0.0127763 
-1.97832 -0.00676291 0.0566948 
-1.05148 -0.00582623 0.0151246 
1.20677 0.000975557 0.0113968 
-0.164887 0.212918 0.000763339 
-1.64184 -0.00693063 -0.0117318 
-0.0703076 0.000457045 0.0812528 
-0.942317 -0.222373 0.00344595 
1.56955 0.0045014 0.0801722 
1.90732 0.0114401 0.00682851 
2.51148 0.0421118 -0.0059321 
1.2272 0.118473 0.0113258 
-2.57945 -0.000721027 0.0195855 
0.938328 0.00471514 0.0108995 
4.44766 0.00361862 -0.000490269 
0.974216 -0.200234 -0.0110582 
4.27413 0.00174211 0.00111692 
1.47888 -0.0026052 0.0242869 
-1.69541 -0.0388962 0.00482966 
-0.105269 0.000692533 0.0187007 
-2.02505 -0.0102045 0.0452083 
1.78422 -0.0358302 0.000823912 
1.01824 0.000610709 0.000886246 
-4.41308 0.00495955 0.0170027 
-0.213212 -0.00321835 0.0490484 
0.857434 0.00309177 0.000651136 
1.01321 0.0032416 -0.00200788 
-1.17652 -0.173657 0.00693885 
1.71577 -0.197086 0.0136074 
1.42757 0.00406663 -0.0197561 
-1.94426 -0.0094413 0.0332725 
-3.3819 0.011345 -0.00326201 
-4.62539 -0.00300339 -0.00854454 
1.92557 0.00747638 -0.0169565 
-4.92498 -0.00284604 0.0100051 
-2.87303 0.00315955 -0.0171668 
2.40269 0.00376549 -0.0183169 
0.609212 -0.00146013 0.00103312 
-0.35127 0.0944697 -0.00876991 
-1.26151 0.163746 -0.0108241 
-1.27569 -0.00323427 -0.00568607 
-1.66686 -0.00132681 0.0149838 
-1.06546 0.00379615 -0.00240765 
-2.1278 0.0011719 0.00507357 
-0.0330923 0.00222266 0.0573125 
-0.612691 -0.00770428 -0.00388815 
-2.6938 0.014281 0.00938909 
-4.2082 -0.000846807 -0.0142961 
1.87681 0.00552975 -0.0142565 
-2.03825 -0.143178 0.0192871 
3.85345 -0.00576294 0.0216522 
-1.40435 -0.00476056 -0.0183427 
-4.01984 0.00145925 -0.000122899 
0.484599 0.208513 0.0166865 
0.522379 0.00198099 -0.0213184 
1.48198 0.00651787 0.032842 
-4.76891 -0.00271274 0.0107144 
-1.79578 -0.00857215 -0.0128067 
-0.109373 0.000230426 -0.0232539 
-3.66861 -0.0140721 -0.0137577 
1.72053 0.178828 0.0193326 
0.0545036 -0.197903 -0.00964953 
-1.26594 0.0881947 -0.0196217 
0.805765 0.0024014 0.0447323 
-0.49678 -0.00246141 -0.014392 
-0.677141 -0.164416 -0.0105075 
2.36702 0.000182415 0.0124386 
1.06236 0.113407 0.0067821 
0.380866 0.000565954 -0.012784 
-2.30594 0.00474408 -0.0089681 
-1.28432 -0.00166408 0.0789794 
-2.19233 -7.88077e-05 -0.00228016 
4.58857 -0.00147583 0.0184957 
1.37476 -0.00712017 -0.00385329 
-0.957787 -0.00578885 -0.0137018 
3.89864 -0.00289074 0.0160259 
1.02932 -0.00295705 -0.00134062 
0.309625 0.00101697 0.00151575 
4.63456 0.00630926 -0.0108336 
-4.44061 0.00160822 0.00455133 
-0.794751 0.182965 0.00652873 
1.86826 0.0475734 -0.0156838 
0.885506 0.000891837 -0.0220824 
3.11608 -0.000271243 -0.00381591 
-0.874653 0.00408891 -0.00442286 
0.473193 -0.000776365 0.000606303 
-3.02373 -0.0101132 0.00572322 
1.37004 0.000439496 -0.0144959 
-0.230035 0.00154998 -0.00824498 
-0.187662 0.0012122 0.0203849 
0.263229 0.207678 0.0204509 
3.96956 -0.00175414 0.0256195 
1.5868 0.00435044 -0.00336323 
0.071361 -0.000665562 0.00168072 
-2.58881 0.052525 0.00325406 
-4.71282 0.00258357 0.0158587 
-0.919023 -0.00307393 -0.00882412 
2.41604 -0.00903002 -0.017885 
0.452693 -0.000732655 0.0163843 
-1.14324 0.168896 0.00546555 
-2.90306 0.00164258 0.00111105 
-3.86798 -4.77551e-05 -0.00475008 
2.95869 0.002917 8.12073e-06 
-1.35277 -0.0374103 -0.0198338 
3.93108 -0.00118615 0.021786 
0.367341 0.0462204 -0.00873342 
1.80202 0.049209 -0.00310715 
-2.97051 -0.00772761 -0.0167072 
3.97266 0.00688494 -0.00807725 
3.40905 0.000339927 -0.00601902 
1.89547 0.00156188 0.000324628 
-2.98664 -0.004376 -0.020227 
0.667633 0.00244355 0.0762501 
4.14061 0.00512996 0.0110725 
0.202196 -0.00041247 0.00164155 
0.873213 0.075564 -0.0205656 
1.34524 0.133084 -0.01678 
-3.22234 0.00867906 -0.00964762 
-3.33714 -0.0170684 -0.00743383 
3.32324 0.0015142 0.000416658 
4.1908 0.00612118 -0.00107953 
2.14261 0.00886295 -0.0132808 
-4.86068 -0.000268276 0.00666533 
1.27544 0.215053 0.0153113 
3.59837 0.00621776 -0.0163548 
1.65691 0.00742504 0.00112269 
-0.371745 -0.0103467 -2.76572e-05 
0.796367 -0.000466819 0.0223999 
1.85649 0.091072 -0.0143796 
4.18995 0.000399269 0.0145761 
2.71071 0.0103705 -0.0133688 
1.17848 0.00466446 -0.0168713 
2.14863 -0.00159606 0.025824 
-2.96788 -0.000824592 -0.0196384 
0.702881 0.150481 -0.00976371 
2.52899 0.0137704 0.0405694 
0.140127 -0.230724 0.0208255 
-4.52091 -9.88067e-05 0.00515945 
-4.75413 0.000938246 -0.00907966 
-3.15929 -0.0141697 -0.00907307 
-1.97437 -0.00091287 0.00250008 
1.23389 0.000420507 -0.000674678 
3.43486 -0.00384183 -0.00626338 
-3.97424 -0.00318911 0.00967061 
-3.78487 -0.00172293 -0.017623 
-1.91584 -0.1099 0.0123887 
2.20024 0.00866404 -0.0160705 
-0.382025 0.000726781 -0.00551874 
0.656724 0.0199299 -0.00742684 
-2.46054 -0.0119667 0.00990027 
0.374435 0.20383 0.0176947 
0.966298 0.133334 -0.016298 
0.144893 0.00440429 0.0152678 
0.838046 -0.00474351 0.00157575 
5.00216 0.00717213 -0.00405778 
1.45607 -0.0703658 -0.00504692 
0.344798 0.000117684 -0.0154571 
-3.18387 -0.00146083 0.00813365 
-1.21701 -0.00477519 0.068834 
-0.505318 -0.0758776 -0.010619 
3.2195 0.00330825 -0.000290016 
1.75906 0.000630921 -0.00988321 
1.50092 0.00182179 -0.00345627 
-3.50216 0.0208724 3.62022e-05 
2.59515 0.00417027 0.0101644 
1.46142 -0.172232 -0.0138669 
4.94548 0.00878659 -0.017027 
2.65168 -0.0276663 -0.014297 
-0.33612 -0.26111 -0.00322964 
-3.6075 0.00525394 -0.009478 
-4.46909 -0.00163017 0.00334062 
-2.23881 -0.0119413 -0.00904959 
-3.42017 -0.00153295 0.00247801 
2.85469 -0.000957901 0.0118646 
-1.38989 0.00696658 -0.0127367 
0.049091 0.213681 0.0205071 
-0.485621 0.176609 0.0192528 
2.52464 0.0112585 -0.0145304 
-1.28304 0.00775511 -0.0157967 
-2.71601 -0.00963851 -0.0158056 
0.813446 0.00288555 -0.0156774 
-0.380291 0.000439598 -0.0234079 
1.65151 -0.0252234 -0.00607153 
3.9675 0.00441135 -0.000728038 
3.25549 0.0025416 0.00625922 
0.859799 0.24336 0.0195279 
-1.60769 0.155212 0.0106241 
3.33235 -0.0143576 0.0113711 
-1.72504 -0.00692663 -0.0127873 
-2.66487 0.045598 0.0187 
-3.02311 -0.0121606 -0.0103392 
-0.764132 -0.19679 0.0209155 
-3.1985 0.000480466 0.0177755 
-3.1322 0.00178533 -0.0111691 
1.78657 0.0564429 0.00415637 
2.07477 0.00186167 -0.000601495 
2.33366 0.0073256 -0.007066 
0.811878 0.00217966 0.0222931 
3.23393 -0.00539378 0.0221908 
0.28161 -5.2447e-05 -0.00234457 
-2.26552 0.103484 -0.00329633 
-2.9195 -0.00921046 -0.0173516 
-1.07136 0.00488865 -0.00112034 
4.27097 0.00793185 -0.0158649 
1.23626 -0.097273 -0.014748 
-0.97304 0.252336 0.0154989 
-0.930588 0.217001 -0.00209493 
1.34566 0.00543635 -0.0132281 
-1.14214 0.000239525 -0.00865522 
-1.49421 0.166638 0.0198931 
-2.58572 -0.000829202 0.0166034 
1.49221 0.247556 0.02136 
1.49499 0.000490861 -0.00741282 
3.0859 0.00217041 -0.00313181 
-3.29466 0.00513003 0.00433421 
2.01348 -0.000118464 0.0169302 
-1.94493 -0.00179264 0.000180848 
-1.19448 -0.00649701 -0.0161895 
0.69655 0.00120214 -0.00373733 
-1.01222 0.00115569 0.000441646 
3.83962 0.000964579 0.0175099 
-2.30065 -0.00833207 -0.0223448 
2.63213 -0.00587204 0.0109887 
-0.318887 -0.00155305 0.0733423 
-3.25343 0.000478878 0.0114943 
0.0212868 0.238566 0.010298 
-0.733683 0.166648 -0.00705196 
-1.24287 0.168329 0.017721 
0.669255 0.00288299 -0.00513357 
4.50759 0.0045889 0.000252401 
0.294457 0.195908 -0.00313504 
-2.62798 -0.000411757 0.0186749 
-1.12864 0.159888 -0.014239 
0.495159 0.0097204 -0.0028897 
3.36665 0.00331858 -0.0024495 
1.77079 0.0206613 -0.00833552 
-1.34335 -0.00597048 0.0249492 
-4.88732 0.00156578 -0.00536141 
2.05397 0.0110461 -0.00307177 
-4.64224 -0.00291114 -0.0172147 
2.21232 0.00122143 0.000230592 
-1.33851 -0.00573849 -0.023546 
1.25423 0.00239678 -0.0226003 
0.276418 0.00936697 0.00492998 
1.59156 -0.0789267 -0.0180907 
-0.653565 0.00946471 0.00251019 
-3.03459 -0.00301712 -0.00141271 
3.85734 -0.00276129 0.0202669 
2.58728 0.00928409 0.0252121 
-4.86355 0.00213103 -0.00141549 
-2.86031 -0.00557293 0.0063981 
4.42844 0.00546977 -0.00781266 
-0.630538 0.0597201 -0.00447878 
-0.298897 -0.154307 0.0141301 
-1.22803 -0.00564497 0.0564272 
-1.99429 -0.00385864 -0.000428447 
2.30123 0.00493593 -0.00376969 
0.535222 0.00169543 0.000315966 
0.0830513 -0.156596 -0.0201659 
0.657878 0.00144511 -0.0229121 
-1.8818 0.0297955 -0.00805434 
-1.30764 -0.00450187 0.00578021 
-1.3548 -0.0920941 -0.0209046 
-2.68873 -0.0109994 -0.0137946 
-1.69217 0.076 -0.00712139 
0.37043 -0.198859 -0.0140962 
1.39011 0.250902 0.0156671 
1.02303 -0.0765712 -0.0150444 
-1.11994 -0.0193455 -0.0016641 
-2.38177 -0.0761454 0.00792425 
3.84993 0.00801524 -0.0167112 
2.01109 -0.117863 -0.00685424 
-4.13812 0.00251893 -0.00518949 
2.47618 0.00429046 -0.00626034 
2.37143 -7.96807e-05 -0.00229154 
3.92944 0.000340631 0.0224092 
0.7136 -0.00080072 -0.00485391 
-0.689574 -0.000883807 0.0205474 
-2.05423 -0.00704251 -0.0167837 
2.62276 0.00387997 -0.00137536 
-0.714555 -0.00578883 -0.0104969 
4.45534 0.00171387 -0.00135323 
-1.32593 -0.171066 0.0186392 
3.88653 0.00313256 -0.0162141 
4.96009 0.00754327 -0.0102947 
3.70992 0.00243946 -0.00409037 
-0.942738 -0.261782 -0.00841187 
-1.33244 -0.00445293 -0.0142651 
-2.30955 0.0887811 0.0192077 
0.332436 -0.00268976 0.0195126 
-3.38789 -0.00351199 -0.00909821 
0.224771 -0.19542 0.017497 
-0.42363 -0.0012229 -0.0176115 
-2.62637 -0.0446157 -0.000983288 
-0.0761448 -0.000493109 -0.0137414 
-1.50046 -0.00612513 -0.0216417 
2.78961 -0.0033933 0.00145372 
-0.895261 -0.21062 0.00936971 
-3.88113 0.00101651 0.0131213 
-3.86396 -0.00549779 -0.0124554 
-2.82448 -0.0692097 0.0164237 
0.853249 0.00231459 -0.0150733 
-1.29961 0.00106933 0.00170939 
0.634444 -0.2218 -0.00607421 
-3.04115 -0.00742987 0.000284795 
3.84891 0.00355622 0.00636764 
-4.82076 -0.00124545 0.00928141 
3.60675 0.00234951 -0.0113625 
3.23329 0.00280657 -0.00276819 
1.52254 0.00816266 0.00118522 
-1.76048 0.0454632 -0.0139703 
-3.44044 0.00168837 -0.00141207 
3.33571 0.00208597 -0.00711892 
1.72833 0.128808 0.0214407 
-0.317097 -0.00151275 -0.00405563 
-4.09377 -0.00200633 -0.00806294 
-1.96857 0.0915734 -0.0114947 
-2.11234 -0.00785371 -0.023328 
-0.106595 0.188308 -0.0164289 
-2.54179 0.000586486 -0.00043783 
4.84645 0.00811437 -0.0139695 
0.731586 0.00265989 -0.0139953 
0.534103 0.00352693 -0.00615117 
-4.56354 0.00883776 0.0126342 
-0.400473 0.139538 -0.0172229 
-2.74086 0.0058155 -0.00119088 
-2.09136 0.000769358 -0.0144628 
3.00828 0.0121784 0.0159042 
-1.94172 -0.0870774 -0.0071952 
3.83519 -0.00305502 -0.00193207 
-1.62432 -0.00826503 -0.0106738 
0.520485 0.1725 0.0124355 
2.50611 0.036703 -0.0102816 
-1.96597 -0.00544531 0.0032778 
3.15441 0.00465107 -0.0172558 
0.903974 0.0743052 0.0207319 
-1.97082 0.186559 0.0176226 
1.21391 -0.0334493 -0.00756295 
1.75012 0.0066651 -0.0136007 
0.345201 0.00102892 0.00770382 
-0.693828 -0.00321941 0.0123051 
0.175026 0.155328 -0.021071 
0.218939 0.00125578 -0.0144264 
-2.47244 -0.000582788 0.00166874 
1.52959 0.00119625 0.0124886 
0.793006 0.00200605 -0.0140499 
3.58374 0.00401441 -0.000614875 
0.377198 -0.0887901 -0.012811 
-1.46498 -0.225576 -0.0031313 
-3.14059 -0.0044014 -0.00332838 
0.93424 0.00514241 -0.00284415 
1.52676 0.000287208 -0.018389 
-4.78148 0.000490921 -0.0102041 
0.889373 0.14217 -0.00775752 
-4.22308 0.00149643 -0.00433878 
2.46578 0.0042316 -0.0257534 
4.36885 0.00379254 -0.00142237 
3.39202 0.00017664 -0.00866112 
-0.449092 0.001175 0.0029783 
-1.22046 -0.243827 -0.0109459 
-4.62934 -0.00273058 -0.0207263 
-0.765358 -0.00492493 -0.0117756 
2.0619 -0.000671722 0.00634994 
-4.31868 0.00389324 -0.00110211 
2.58484 -0.0060249 -0.00829702 
-3.49952 0.00292461 0.00428527 
4.11726 0.00666565 -0.0168425 
-4.77624 -0.000723157 -0.0171205 
-0.436466 0.105848 -0.0136717 
-0.0330334 0.00289151 -0.00225707 
-4.09491 -0.00249873 -0.0129161 
-1.35104 -0.00576106 -0.0164949 
-0.146254 0.00171517 0.000904906 
3.25234 0.000230353 0.0136663 
-2.55921 0.0293813 -0.00599998 
1.16712 0.000770333 0.000723544 
2.24114 -0.028992 0.0165906 
-4.8994 0.000772346 0.00314204 
-0.90425 0.173806 0.0114127 
1.61927 0.00282417 -0.023817 
2.33221 0.002954 0.000286682 
1.76095 0.21291 0.00694464 
4.21093 0.00384037 -0.00307608 
2.44383 -0.057764 0.0193234 
4.14674 0.00169448 -0.0040523 
-0.179576 -0.200525 0.010631 
-0.41539 0.00139216 -0.0151124 
1.73282 -0.0226476 0.0194164 
-1.73953 -0.000469101 0.0183066 
-4.39897 0.0102008 -0.00753275 
2.53347 0.00292078 -0.00237336 
-2.39945 0.00117233 -0.00277892 
-1.67811 -0.15004 0.0100372 
-4.35066 0.00673439 -0.00994791 
0.905986 0.00135843 -0.00322948 
2.95771 0.00651381 -0.012755 
-1.17865 -0.14809 0.00282338 
2.26591 0.00984681 -0.0132529 
-1.40269 -0.00858969 -0.00963614 
-3.73379 1.29023e-05 0.0173612 
0.173429 -0.187454 0.0203384 
3.34812 0.00239851 0.00972889 
-3.55325 0.0144667 -0.00636858 
3.05855 0.00123263 -0.0160479 
0.303232 -0.183038 0.00604804 
-1.68972 -0.00176849 0.001585 
-4.02173 -0.00265846 0.00893389 
-3.28852 0.0182313 0.00819096 
-0.781662 -0.0036562 -0.0143774 
0.207629 0.0935995 -0.0164835 
-3.2164 -0.0380722 0.018173 
0.218405 -0.107142 0.0012542 
0.146117 0.00141025 -0.0219066 
-1.87735 0.0244891 -0.00552175 
-2.26835 -0.00110409 -0.00609398 
-4.17019 0.00181623 0.00122047 
3.52129 0.0014497 0.0166552 
0.172398 -0.19061 -0.0102688 
4.13307 -0.000566094 -0.0077984 
-0.0664853 -0.00330263 -0.00949485 
1.8854 0.00129497 -0.000572895 
2.63389 -0.0590147 0.00751214 
-3.11837 -0.00274609 -0.0080046 
2.33503 0.00309049 -0.0236687 
-3.34375 0.00170069 -0.00971825 
-1.54822 0.16973 0.00955448 
-1.97493 -0.11855 0.00921445 
3.14243 -0.000714465 -0.00922258 
0.192399 -0.00462499 0.023645 
4.95358 0.0069012 0.00264204 
4.12752 0.00571064 -0.00448636 
2.79485 0.000343486 -0.00700222 
-3.14635 0.00108433 -0.0119473 
-0.657867 0.00402503 0.000415492 
1.02385 -0.00203993 0.0170526 
4.73648 0.0048755 0.016333 
-3.80589 -0.00363989 0.0118541 
2.74519 0.00311168 -0.00636782 
0.527941 -0.000445906 -0.0153649 
-2.15779 0.00320837 -0.0210355 
-2.5391 -0.0115907 -0.00221683 
-1.82035 -0.00733488 -0.0149486 
0.468016 0.205901 -0.016624 
-1.19693 -0.000768066 0.00759858 
-3.93277 -0.00751105 -0.016091 
1.99377 0.0455911 0.0122094 
3.26759 0.00505901 0.00205549 
0.137926 0.166973 -0.00779629 
2.88761 -0.00107483 0.0193951 
1.77315 0.00760456 -0.00159224 
-4.87187 0.000128213 -0.0119578 
-2.36475 0.000107562 -0.00431785 
1.60461 -0.101618 -0.0154131 
1.28357 -0.000748837 0.0250322 
-3.32755 -0.00198039 0.00157854 
2.50722 0.0854055 0.0136793 
4.59005 -0.000399574 0.0206118 
-3.95529 -0.00284896 0.00997061 
-3.22757 -0.0123067 0.0095684 
0.844433 0.00217424 0.00108674 
1.26203 -0.16869 0.0119683 
-3.30754 0.00954825 -0.00787713 
-2.92802 -0.000455931 0.0167699 
-3.91344 -0.00259896 -0.0051059 
2.09542 0.00514771 -0.0222679 
4.9678 0.00654931 0.00902392 
-2.01925 0.136655 0.0154649 
0.455598 0.000880615 -0.0128412 
1.69388 0.00129756 0.000580993 
2.58396 0.000413774 -0.00848113 
4.31951 0.000275769 -0.00857776 
0.965228 0.132576 -0.00680363 
2.44242 0.0287938 -0.00818914 
1.66702 0.0402225 -0.0190646 
-0.892891 -0.00352452 -0.0222757 
3.73718 -0.00181236 0.0274381 
-1.75471 -0.0765835 0.0194661 
-3.80011 -0.00254978 -0.0217255 
3.77424 0.00623349 -0.0124069 
-3.21998 -0.00360601 -0.0143811 
-3.25012 -0.00231193 0.00100426 
-0.259013 -0.172724 -0.0131639 
-0.217311 -0.204855 0.0213997 
1.87589 -0.038118 0.00999845 
-0.319888 0.127558 -0.00430998 
0.985821 0.00158656 -0.0149295 
1.97712 -0.00138236 0.0185694 
2.58553 0.0396164 -0.0059792 
-2.05805 -0.0878888 0.0158587 
-1.81315 -0.000340662 -0.00426048 
4.19916 0.00417083 -0.00279095 
1.26723 6.90411e-05 0.0189991 
4.0028 0.00499803 -0.00195188 
-2.12957 0.000292061 0.00239455 
-1.28335 0.220598 0.0199893 
-1.5744 0.00110013 -0.00840647 
0.551751 -0.118644 -0.013551 
3.13132 0.00567175 -0.0107695 
4.15206 0.00550456 0.00767457 
3.05078 0.0134567 0.0186614 
4.06568 0.00718316 -0.00976129 
-1.43607 0.0209835 -0.00854329 
0.728584 0.0263885 -0.00549835 
-0.11028 0.112911 -0.00654537 
1.74594 0.000604725 -0.0212247 
2.98001 0.0108656 -0.0187272 
-1.51539 -0.000376146 -0.00422508 
-1.4535 -0.0092379 -0.0090268 
-0.598898 -0.00125039 0.00117605 
2.40691 0.00172741 -0.00693581 
-2.63942 -0.00068764 -0.00609503 
-4.67305 0.00629429 0.0156214 
-0.576 -0.178415 -0.0170033 
0.0870762 -1.01418e-05 -0.0202298 
-4.74209 -0.00168035 -0.0204664 
4.48146 -0.000350358 -0.0066521 
2.04988 -0.0754276 -0.00300096 
3.67824 -0.00152227 0.0195801 
-3.81316 -0.00297867 0.00149743 
-2.47924 -0.0259063 0.00379369 
1.04931 -0.163742 0.00344107 
-2.903 -0.00544596 0.0157647 
0.0689668 0.000738376 -0.0035789 
3.16949 0.0276857 0.0207382 
-2.39539 -0.0133633 -0.00845046 
-4.47165 0.0126835 0.00292221 
2.50504 0.001899 -0.00331903 
3.03272 0.0202886 0.0209062 
1.14139 -0.211064 0.0222061 
-0.251121 -0.00179989 0.00863593 
0.163929 0.0959258 -0.0130573 
-3.59961 -0.000208405 0.0161782 
4.55704 -0.00195611 0.0109045 
-2.24757 0.00162189 0.00182953 
1.76748 0.00896432 0.0184381 
-1.39528 0.0244858 -0.0219693 
-1.24426 -0.00617845 -0.015419 
1.32068 -0.0836623 -0.0110364 
0.400539 -0.00111378 -0.0140809 
-1.96228 0.0774265 0.00449234 
-1.48799 -0.00905273 -0.0045621 
2.88807 0.00905642 -0.0214366 
-0.4027 0.000511795 -0.00375427 
2.90914 -0.00170002 0.0268256 
1.11584 0.00154145 -0.00323749 
-0.695989 -0.00202336 -0.0107291 
2.49487 0.00615561 -0.00117527 
-0.115358 -0.0112376 -0.00582233 
-0.249097 0.00196894 -0.00718266 
-3.0507 -0.00661318 -0.0137187 
4.74948 0.00334589 0.0216658 
-0.210675 -0.0018756 0.0616141 
2.04917 0.00245748 -0.00306555 
2.59407 -0.00661961 -0.00214865 
-2.5565 -0.00153568 0.0109291 
1.32582 0.00143433 -0.00475544 
0.940802 0.0014332 -0.0242776 
4.87547 0.00921156 -0.0181815 
-1.09107 0.1518 0.0141897 
0.371038 0.110005 0.00925601 
-1.56306 0.000680109 0.011701 
-0.245699 -0.00117809 -0.0142101 
-0.436835 -0.00138079 0.00330483 
3.08229 0.00431263 0.0181175 
1.14685 -0.0356649 0.00930404 
-3.74098 0.0134554 0.0162099 
1.26047 0.184684 -0.00641838 
1.69998 0.00072949 -0.0026065 
2.14915 0.00332717 -0.0122852 
-3.18789 -0.000271643 0.0100588 
-0.172369 -0.214558 -0.00273298 
2.58082 0.00875786 -0.0136862 
2.52783 -0.000485547 0.00156727 
0.642756 0.00026579 -0.00512114 
4.78144 0.00940618 -0.0170107 
-1.66187 -0.0113609 0.00186262 
-1.76518 0.0822098 9.69717e-05 
0.182321 0.00102206 -0.0155341 
-1.9588 -0.00905503 -0.0102084 
-2.6234 -0.0112585 -0.00851262 
-3.55612 -0.00125326 0.00839479 
4.77048 0.00854011 -0.0152415 
3.97428 0.00113749 0.00726628 
-1.19665 0.00647117 -0.00100933 
-3.86612 -0.0103063 -0.0185915 
-3.26829 0.00180319 -0.00650091 
0.277686 -0.000172656 0.0340225 
-1.97862 0.0727799 0.00853852 
-3.93097 0.000273943 0.0162144 
-1.32517 -0.000140904 0.0808429 
-2.65214 -0.00331467 -0.0109583 
3.93862 -0.000931328 0.0218299 
-2.41612 0.0260554 0.000582208 
-0.570454 -0.0878237 0.0206012 
-3.96278 -0.00110389 0.00666893 
-3.25009 0.000731666 -0.00447621 
0.366534 -0.218281 -0.0152465 
2.09492 -0.064807 0.0207294 
0.651091 -0.00187964 0.023976 
1.21607 0.000635657 0.00645177 
4.90591 0.00996932 -0.0158461 
2.09694 0.00934065 0.060778 
-2.8949 -8.76687e-05 -0.00463703 
-2.17236 0.0727097 0.0178483 
4.73992 0.00155745 0.0231674 
2.27256 0.0427846 0.0019342 
-2.38312 -0.0124297 -0.00967929 
-0.985044 -0.00516529 -0.0240949 
-4.32583 0.00348002 -0.00958907 
-0.492456 0.215887 0.0175163 
0.9069 0.11607 -0.0195853 
-0.556052 0.174517 -0.0208657 
-2.88259 0.054215 0.0176962 
3.09288 -0.00944027 -0.0163958 
1.75571 0.00258119 0.00450761 
0.459258 0.00149684 -0.0224509 
-0.955489 -0.176899 0.0111234 
-0.975144 -0.000110976 -0.00460337 
1.0601 -0.00325425 0.0246997 
-2.45899 -8.90706e-05 0.0104854 
-0.244717 -0.00152624 -0.0126023 
2.4037 0.00181565 -0.00341306 
4.68141 0.00104694 0.0222052 
-3.11547 0.00149207 -0.00371469 
-0.324289 -0.000957069 -0.00644613 
-2.79782 -0.00301689 0.000833989 
2.7091 -0.0166677 0.0194362 
1.50991 0.0018919 0.000379993 
0.829026 -0.00289542 -0.0101129 
-0.213225 0.157709 -0.00673368 
-2.96757 -0.00483106 -0.0223344 
-3.29565 0.000184654 -0.0029954 
-2.73471 -0.000824414 -0.0088161 
0.611386 -0.000252806 -0.0073168 
-3.35321 -0.00947691 0.00925464 
0.484341 0.00462267 -0.00098315 
-2.53627 -0.00496328 -0.0106681 
-2.80673 -0.0328639 0.0138312 
2.52129 0.00902334 0.00148565 
4.42256 0.00207166 -0.000916456 
3.41112 0.00648059 -0.00206343 
1.6776 0.00210652 -0.0240958 
3.3459 0.00351885 -0.00686253 
1.08025 0.00386782 -0.0132098 
-2.01098 -0.000201281 -0.00297048 
-1.9034 -0.00159625 0.0179555 
-1.66697 -0.0470054 -0.00117545 
0.307447 0.000195484 -0.00367114 
-2.99161 0.00109278 0.00302567 
-0.9436 -0.00619401 -0.0119381 
-2.45822 0.0279886 0.0100433 
3.97678 0.00844881 -0.0159846 
-3.81454 -0.0037463 -0.0228473 
-4.37062 0.0108003 0.00777281 
3.30808 0.00835769 -0.00472134 
1.32887 0.0630181 -0.0166175 
2.78973 -0.00264066 0.0260659 
1.21756 0.0725047 -0.0112678 
-1.33787 -0.000119389 -0.000294368 
-1.27828 -0.00663966 -0.0159114 
1.28682 0.208576 -0.00135571 
3.41222 0.0151767 -0.0137243 
2.07708 0.00953615 -0.00879135 
2.87329 0.00284854 -0.000315718 
-2.47319 0.00191263 -0.00829112 
-0.738611 -0.00513527 0.0333552 
-4.03438 0.00276095 -0.00423299 
2.4806 -0.0407911 0.0207209 
-0.453254 -0.00250824 -0.0107514 
-0.360088 -0.00204875 -0.0154854 
-2.63763 -0.00941163 -0.0194804 
0.224814 0.00337245 -0.0022172 
-0.460651 -0.175641 0.0181346 
-0.587116 0.212024 0.0204059 
-2.54791 -0.00170006 -0.00682083 
-1.43551 -0.00114954 0.0196761 
-0.686533 0.137022 -0.0224445 
-0.947864 0.248433 0.0211261 
3.21839 0.00249268 0.0217612 
2.13263 -0.0950995 0.0184663 
3.02008 0.000841952 0.00697539 
3.12394 -0.00144121 0.0236477 
2.63024 0.0034804 -0.00926719 
-4.05099 0.0012237 0.00819085 
1.67456 -0.160194 0.021984 
0.489446 -0.175569 0.0132233 
2.22657 -0.00125531 0.0225569 
0.101937 -0.000591126 -0.0120709 
-4.40242 0.00281713 0.00196728 
1.79171 0.115154 0.0193296 
3.40767 0.00415969 0.003958 
3.62943 0.00432708 -0.000660554 
-2.50568 -0.0136064 -0.0138794 
4.70327 0.00710046 -0.0137878 
3.8213 0.00202253 0.0145382 
3.92727 0.00676136 -0.0171958 
3.92357 0.00648103 -0.0165512 
-1.8065 0.0357426 -0.00510406 
1.28258 -0.000508134 0.000627096 
-1.0483 -0.0011806 0.0185132 
-1.6309 0.00325744 0.00107077 
1.56933 0.0167556 -0.00909568 
-1.00042 0.000819082 -0.00419009 
-0.998116 0.031607 -0.00743269 
-1.94019 -0.00768546 0.00872299 
-1.34716 0.0565243 -0.0187184 
-1.18571 -0.2149 0.0205123 
0.763831 0.00142239 0.0681243 
-3.3876 -0.0165355 -0.00861792 
0.580832 -0.245447 0.000482768 
-3.72217 -0.012074 -0.0164828 
-1.58646 0.0178564 -0.00608433 
0.634196 0.0024831 -0.019859 
-0.551786 -0.00324502 -0.0103016 
-1.9463 -0.050558 -0.0112289 
-0.528469 -0.00187698 -0.00314422 
-3.8132 -0.00383361 0.0151301 
-1.26143 -0.00647518 -0.0123903 
-0.408855 0.00236423 -0.0194536 
3.21146 0.00483027 -0.0163634 
-3.98432 -0.0024734 0.0161803 
-3.64597 0.00192789 0.00293436 
0.711829 -0.132156 0.0211017 
3.92823 0.00840053 -0.011238 
-3.72997 -0.00409081 -0.0192009 
-1.44185 0.000342913 0.00039209 
1.36852 0.0055221 -0.0131068 
-0.747102 -0.214198 0.0133497 
0.573618 0.00326462 0.00276354 
-2.22956 -0.0100911 -0.0108572 
-0.201863 0.202165 0.0108905 
-0.26095 -0.198523 0.0177267 
-3.9769 -0.000318691 -0.0113929 
2.26008 0.0102126 -0.0163394 
0.402997 -0.266454 -0.00680968 
-0.923803 0.0023657 0.0751568 
-2.75622 0.002695 -0.0179021 
2.91716 0.00384321 -0.00249168 
3.3486 0.00813916 -0.015716 
3.17028 0.000648069 -0.00426335 
-2.36863 -0.00931248 -0.0139546 
2.53613 0.0268781 0.00876611 
2.08004 0.00447356 -0.0137765 
-4.64335 -0.00188576 0.012647 
-1.03364 0.0959361 -0.00483079 
-4.87424 -0.00394684 0.00888834 
-1.48046 -0.169483 0.0209986 
0.641987 -0.00241614 0.0107605 
-4.39837 0.014087 -0.0020738 
-2.032 -0.00719209 -0.0164103 
3.11898 0.00346611 -0.0171299 
-0.0277566 -0.230319 0.00772418 
-1.18752 -0.00058149 -0.00528374 
-0.406255 -0.0982695 0.00855165 
0.609935 0.180651 -0.00462499 
1.78532 0.0215598 -0.00812114 
-1.50956 0.000976367 -0.00348665 
1.06262 0.0026459 -0.0215394 
3.60944 0.00380321 0.000193744 
-1.74292 -0.193377 0.0150575 
3.7562 -0.00260418 0.0279311 
0.936205 -0.0897124 -0.0190456 
2.08644 0.00717061 -0.0185955 
-4.78226 -9.70178e-05 0.0144781 
1.58265 -0.0429464 -0.0080486 
3.7843 0.0107704 -0.0124539 
-1.74517 0.100122 0.0116869 
-3.37527 0.00340103 -0.00852588 
-0.539798 -0.174061 -0.00936096 
4.53843 -0.00239018 0.00174284 
2.83936 -0.00097546 -0.0137226 
-1.37489 0.00636506 -0.0116111 
4.78671 0.00985043 -0.0159981 
2.51466 -0.00538566 -0.0155108 
-2.7781 -0.010758 -0.00493304 
-2.56993 -0.0119491 -0.0112824 
2.28564 0.0339246 -0.0160165 
-3.10625 -0.0150592 -0.00820249 
-3.35839 0.00272075 -0.00209661 
2.24181 0.00181125 0.000182819 
-0.274707 0.00595855 -0.00175324 
0.369004 0.00634975 -0.00979928 
3.12858 0.0133861 -0.0131958 
2.80748 0.00812428 -0.0134904 
1.25145 -0.19385 0.0166261 
-2.8038 -0.0145653 0.0261882 
0.248498 0.0180611 -0.0179802 
1.13141 -0.232323 0.0207364 
-1.90283 -0.0042566 0.0679017 
3.4952 0.00509031 -0.00151118 
1.25635 0.00559947 -0.0154784 
0.637112 0.232675 0.00367025 
-4.09438 0.00807324 -0.0091695 
-0.572305 0.177417 -0.0070413 
1.84165 0.0058709 0.0717564 
3.25832 0.0140977 -0.0161217 
-4.70876 -0.00317713 -0.023277 
3.79595 0.00482144 -0.0136141 
-2.31476 -2.18155e-05 0.0192489 
-1.81381 -0.0068564 -0.0232209 
-2.70277 0.0154952 0.00819401 
0.523911 -0.0174387 -0.018254 
-0.535331 0.00196878 -0.013456 
2.52527 -0.00785588 0.00503791 
-0.902158 -0.132698 -0.0130332 
-2.68227 -0.000629318 0.00279413 
1.65365 0.0081528 -0.00635881 
2.75303 0.0023065 0.0131951 
-3.58189 0.000357495 0.0174583 
1.09953 0.00334778 0.0801374 
-2.35077 -0.0899875 0.0182241 
0.997644 0.160896 0.000598117 
-2.96259 -0.00420271 -0.0218013 
-3.59396 0.00338218 5.24389e-05 
-0.927234 -0.000928686 0.0157239 
3.07165 0.0122973 -0.0175709 
-1.40109 0.00230521 0.00172818 
3.47042 0.0136572 -0.0154441 
-0.413009 -0.00491276 0.000944242 
4.77413 0.00538253 0.013083 
-1.8645 -0.0127921 -0.00802043 
1.77383 0.00657573 0.0499724 
-0.247883 -0.0027641 -0.000325516 
-3.12643 0.00140278 0.00506416 
-1.18817 -0.00429992 -0.000632275 
0.817603 0.00255666 0.0570723 
0.965195 0.145403 -0.018174 
-3.57677 0.00185337 0.0121132 
3.19815 0.00822191 -0.00951097 
-4.60382 -0.00270384 -0.000884844 
1.75453 -0.00219939 0.024245 
-0.591903 -0.125466 -0.0176587 
1.99413 -0.0204521 -0.00933463 
-2.23995 -0.000380411 0.00438402 
2.01966 0.00968912 -0.00505429 
0.312199 0.234805 0.0196714 
-1.95784 -0.0336724 -0.0188172 
-2.53205 0.00080942 0.0143712 
1.41477 -0.227397 0.00509982 
4.34926 0.000347957 -0.00896907 
-1.88409 -0.00719135 -0.0184291 
0.992348 -0.204195 -0.00273682 
1.39404 0.00202613 0.000409794 
3.43425 0.00318115 -0.00796659 
0.422951 0.00107077 -0.0043817 
-2.4605 -0.00226103 -0.00773388 
-0.169836 -0.00288231 0.0216151 
