-1.24768e-05 -0.000111383 0.00905757 
0.0147184 0.000177175 -0.00666997 
0.0418176 -9.3507e-05 -0.00414632 
0.0340156 -3.79376e-05 0.00514324 
0.0395938 -6.56823e-05 0.00485261 
5.28281e-06 -2.63228e-05 -0.00895189 
0.0462992 0.000100989 -0.00227919 
-0.0431002 -2.85572e-05 0.00373591 
-2.31159e-05 -8.86851e-05 0.0097406 
-0.0457318 0.000454504 -0.00112628 
-0.0497872 -6.75965e-05 0.00157716 
-0.0460103 -3.05211e-06 8.61455e-05 
-6.78524e-06 3.10973e-05 -0.00770443 
0.0481677 0.000109099 -0.00238446 
-0.0448603 -5.38568e-05 0.0030294 
-0.0459645 -2.54349e-06 -0.000208987 
0.0427562 5.54669e-05 0.00192813 
-0.0443533 -8.22319e-05 -0.00220096 
0.037642 -5.99866e-05 0.00507478 
0.0322824 7.79587e-05 -0.00534116 
0.0459007 9.31049e-05 -0.000553419 
-0.0450015 -7.44179e-05 -0.00194865 
-0.0453342 -3.38365e-05 -0.00166742 
-0.0460655 -2.92274e-05 0.000371614 
-0.0483384 -0.000249877 0.00266806 
0.00444099 2.14061e-05 -0.00689242 
0.0277556 8.43053e-05 -0.00585452 
-0.0435746 -4.45684e-05 0.00349019 
-0.0291066 6.20682e-06 -0.00573078 
-0.0376822 -0.000145834 -0.00469651 
0.0452008 7.03308e-05 -0.00373943 
-0.0401407 -0.00033426 -0.0045572 
0.0308665 -5.20169e-05 0.00531305 
0.0372381 4.52424e-05 -0.00463712 
-0.0273862 0.000329066 0.00568038 
-0.0421033 -0.000533046 -0.00419327 
-0.0345247 -4.69429e-05 -0.00502465 
0.0389833 3.86493e-05 -0.00448747 
-0.0263182 6.86751e-05 -0.00602231 
-0.0425598 -0.00011766 -0.00278003 
-0.000130654 -9.7775e-07 -0.00737677 
-0.0421933 -0.000143631 -0.00361093 
-0.0431094 -9.55824e-05 -0.00249953 
-0.00897196 0.000244326 -0.00679678 
0.0434529 4.0909e-05 -0.00383637 
-0.0367471 -7.53389e-05 -0.00476971 
-0.0468259 -5.93406e-05 0.00112646 
-0.0382059 3.9957e-05 0.00515408 
0.0325329 7.09721e-05 0.00518468 
-0.0407933 -0.000140486 0.00465054 
-0.0347392 0.000182299 0.00524364 
0.0435261 -9.44923e-05 0.00341663 
0.0486332 9.4836e-05 -0.00365148 
-0.0415408 -0.000134288 -0.00432283 
-2.04238e-05 -9.13481e-05 0.00939608 
-0.0461199 -4.07334e-05 0.000651925 
-0.0410222 -0.000115428 -0.00319856 
6.55158e-06 -2.11562e-05 -0.00930508 
2.4374e-06 -2.60269e-05 -0.00798161 
0.0457896 0.000399399 -0.00117485 
0.0411038 -6.30988e-05 0.00451586 
0.041208 2.40546e-05 -0.00425504 
0.0303157 6.19893e-05 -0.00558965 
-0.0331198 -2.42233e-05 -0.0052352 
0.0427934 -3.09796e-05 0.00390414 
-0.000862441 -9.8271e-05 0.00687216 
0.0505213 0.000136892 -0.00266274 
0.0338569 6.20308e-05 -0.00510418 
-0.0441172 -0.000213389 0.00325471 
-0.0479858 -5.14339e-05 0.0013261 
-0.0356461 -0.000119103 -0.00485022 
-0.0298575 0.000160004 0.00549955 
0.0425441 -3.35933e-05 -0.00400542 
0.00056058 3.81125e-05 -0.00722284 
-0.045557 -9.74239e-05 -0.00139335 
-0.0313613 -5.07296e-06 -0.00546671 
0.0405418 -2.77239e-05 -0.00436229 
-0.0401418 -0.000121677 -0.00276442 
0.000240237 -6.4081e-05 0.00718276 
0.0419078 -4.848e-05 0.0020688 
0.0352078 1.08321e-05 -0.00488056 
-0.0417652 -9.23782e-05 -0.00300686 
-0.0462906 7.45444e-05 0.000912034 
-1.09945e-05 -8.09414e-05 0.00825437 
0.0426564 -3.20816e-05 0.00243683 
2.51621e-06 -8.39007e-05 -0.00861536 
0.0287052 -4.95441e-05 0.00551384 
0.0507468 0.000105315 -0.00322801 
-0.00175484 2.02743e-05 -0.00704333 
0.0457149 8.14957e-05 0.000386962 
2.30051e-06 -6.38945e-05 -0.00829027 
0.0426604 6.05642e-05 0.00203203 
0.010984 6.07069e-06 0.00640156 
-0.0391761 8.46828e-05 0.00500354 
-0.0385496 -0.000114588 -0.00464279 
-0.0420699 -6.48554e-06 0.00421059 
0.0362513 4.73076e-05 -0.00474261 
-2.25825e-05 -3.3638e-05 0.0100269 
-0.00600883 -2.14049e-05 0.00650717 
0.0457095 0.000192 -0.00144501 
0.0442689 7.02395e-05 0.00137833 
0.0353092 0.000190009 0.00510394 
0.0450725 9.33063e-05 0.00103491 
-8.63807e-06 -0.000108211 0.00867411 
0.0456477 0.000128404 -0.00169916 
0.0260333 6.09841e-06 0.00574374 
-0.0458427 -4.21659e-05 -0.000822574 
0.0433904 3.66066e-05 0.0020359 
0.0436324 -9.25994e-06 0.00313579 
-0.0371252 0.000150513 0.00518579 
0.0432 5.82347e-05 0.00174572 
0.0456851 0.00010051 -0.00214856 
-0.0503653 -6.88836e-05 0.00239645 
-0.0508014 -7.36731e-05 0.00195597 
0.0381627 -5.89384e-05 -0.00454181 
-0.0426302 -0.000221682 0.0039865 
-0.0461271 -6.25065e-05 0.00284219 
-0.0393854 -0.000107336 -0.00460043 
3.01789e-06 2.77603e-06 -0.00959884 
0.043226 -2.11373e-05 0.00366279 
0.0422732 -0.000198052 0.00412561 
-0.031722 0.00061765 0.0053319 
-5.14996e-05 -7.80949e-05 0.00751024 
-0.0414116 -7.70505e-05 -0.00284119 
0.0458336 7.26322e-05 7.15497e-05 
0.0403677 -0.00014197 0.00469286 
-0.0241718 8.9511e-05 0.00592978 
0.0455199 0.000146232 0.000709147 
-0.0332866 0.00020063 0.00528117 
-0.0359938 0.000162984 0.00521237 
-0.0424089 -0.00012314 -0.00392739 
-0.0408661 -0.000137736 -0.00444551 
0.00270744 -7.01939e-05 0.00666531 
-0.0459185 -2.99517e-06 -0.000515381 
0.0365474 -6.54166e-05 0.00508979 
0.0386924 -8.44675e-05 0.00501174 
0.0455942 0.00010834 -0.00194665 
2.65115e-05 -6.42708e-06 -0.00753544 
0.0210607 -6.60457e-05 0.00609497 
0.0458628 9.50592e-05 -0.00086379 
0.0459023 0.000208644 -0.000243029 
-0.0400302 7.0389e-05 0.00482877 
1.63266e-05 -0.000115102 0.00785955 
-0.0163602 0.000238831 0.00626008 
0.0397736 8.09691e-06 -0.0044338 
0.024077 6.55014e-05 -0.0062224 
-0.0414457 1.53576e-05 0.00442951 
0.0417425 -4.39352e-05 0.00432039 
-0.0202255 3.64794e-05 -0.00648442 
0.0433903 8.51197e-06 0.00281092 
