-84.374 -0.22408 386.551 
-55.6538 -0.241372 377.766 
102.351 0.400473 116.38 
-98.6701 -0.239604 -348.995 
-110.57 0.371175 99.4997 
73.6448 0.761225 -27.6518 
-120.044 0.0055462 -107.998 
-39.5325 0.0412493 -143.934 
5.75434 0.645702 22.4821 
-59.5168 0.639154 -17.6077 
-62.5563 0.614328 -6.03168 
33.3955 -0.162323 346.021 
-24.825 0.609072 -247.86 
-62.5124 0.762993 153.736 
-116.473 0.279078 -236.24 
-54.2967 0.451372 287.415 
-64.1441 -0.19472 392.901 
14.0125 -0.249732 376.878 
-19.4522 0.492332 -299.923 
81.9503 0.0694466 304.951 
-12.2325 0.656852 3.25039 
-39.9225 0.645748 -13.9875 
17.5523 0.50742 -222.944 
32.2737 0.241555 -110.17 
63.5874 0.436445 -207.52 
-53.979 0.0871269 -165.4 
37.1786 0.921941 196.831 
-6.71777 0.576006 136.304 
-66.103 0.462054 -49.577 
120.657 0.922658 -5.11591 
56.6911 0.631541 155.351 
-60.6437 0.424753 59.789 
44.4919 0.643175 -45.0011 
-63.5376 0.725473 -337.041 
-30.5556 0.812624 163.598 
-61.1502 -0.0822338 335.683 
-36.9622 0.0090312 325.658 
80.3612 0.202301 -148.636 
89.3152 0.598704 -278.517 
-123.685 1.47058 216.729 
133.67 0.427323 -200.662 
-93.0687 0.785234 151.214 
-141.073 0.0215496 -94.8385 
-43.4066 0.634837 -1.02344 
84.0536 0.647362 -418.108 
73.7923 0.729676 12.4335 
-40.6042 0.0484102 -422.601 
74.2978 -1.25338 315.147 
40.3237 0.540338 138.8 
69.6218 0.848867 281.556 
-38.7817 0.585828 -280.42 
-84.571 -0.246078 -354.638 
115.323 0.492521 -82.7176 
53.5111 0.718491 7.45813 
86.9563 0.699352 36.3167 
-23.118 -0.213805 383.229 
-100.017 1.03318 171.051 
-19.3374 0.448466 83.737 
9.5005 0.665292 157.249 
61.7975 0.437407 293.01 
-1.50768 0.356302 -76.7239 
-58.6831 0.44607 116.171 
-134.242 0.489504 6.47373 
-31.505 0.606128 141.172 
119.209 -0.586453 173.931 
63.0607 0.734733 187.766 
-51.5275 0.0206442 -142.187 
-25.8648 0.540269 -44.1577 
70.8174 0.716781 23.2977 
-104.699 0.382653 44.4537 
8.04399 0.480288 -69.4448 
-122.001 1.12064 172.812 
-29.2267 0.668823 -18.7739 
-55.0861 1.14806 190.019 
109.387 1.06909 168.431 
-127.9 0.85761 265.886 
87.0759 0.502048 -219.517 
18.8751 0.330288 -408.967 
-54.7037 -0.0151812 435.238 
-18.7309 0.249834 -190.921 
62.2826 0.713272 15.724 
-92.4564 1.34984 218.171 
96.929 0.5529 283.614 
72.2482 0.488331 113.636 
-43.914 0.634482 143.324 
-62.1914 0.00605352 -118.439 
-26.5126 0.436438 288.823 
75.1471 -1.83116 340.796 
111.887 0.695533 24.6284 
-11.6589 0.331595 -201.473 
8.33446 -0.0486795 330.165 
46.1075 0.3604 -344.392 
127.443 0.221811 -124.616 
82.7432 0.732905 20.0993 
46.1783 0.778746 256.61 
97.5693 0.228012 -157.797 
-77.3005 -0.164873 -343.706 
45.2822 0.145956 431.838 
122.942 -2.11912 196.056 
102.676 0.436894 -204.662 
-101.161 -0.0406157 -137.825 
26.4842 0.173316 -120.673 
-50.5061 0.452069 55.5168 
-70.9026 -0.242345 378.59 
-104.731 -0.022599 -149.409 
-109.746 0.427921 110.994 
30.3242 0.714273 -29.6929 
44.6713 0.259575 -174.768 
134.646 0.700752 -53.0412 
79.0332 0.795496 247.076 
-110.776 -0.225371 353.786 
123.088 0.382009 311.605 
41.9318 0.486362 106.864 
-72.346 0.72489 -264.135 
32.6646 -0.223855 361.35 
105.851 0.720676 44.1448 
-54.3661 0.516099 34.806 
33.9689 0.476744 96.7244 
3.47261 0.684135 -10.9475 
-67.7578 0.462035 286.566 
1.994 0.197327 -176.186 
-116.217 0.203541 -226.887 
52.3338 0.39057 -357.515 
75.0747 1.15637 183.048 
19.7819 0.252909 -108.205 
-43.1013 0.111233 -108.76 
-20.0664 0.370862 -317.42 
24.9015 0.216258 305.96 
-112.999 0.345327 53.7306 
34.935 0.404677 -395.707 
112.82 0.343769 320.184 
-26.9007 0.501395 51.1779 
74.9609 -1.9962 365.977 
-5.8191 0.68913 -20.3979 
-81.6957 0.388729 61.1915 
1.35717 0.645825 146.914 
116.852 0.583899 -68.1185 
62.5723 0.743662 -28.3678 
46.6116 0.630849 42.3086 
27.0139 0.553065 141.277 
-14.7004 0.527848 48.8686 
29.6995 0.682592 16.1189 
-99.3155 1.42004 209.177 
73.3318 0.500636 -309.896 
-112.968 0.437597 -43.697 
45.924 0.19539 -153.763 
121.496 0.448663 -206.276 
119.184 0.519271 -316.235 
59.4847 -0.136119 379.859 
57.461 0.578773 -60.0654 
-66.4405 0.54273 -36.9846 
-82.0845 0.155672 -318.291 
43.5859 0.369947 -197.475 
127.172 -2.98664 245.197 
-124.948 -0.0794713 -138.289 
-11.7317 1.12617 221.722 
83.7763 0.495936 -359.558 
139.457 1.07299 117.364 
-142.264 0.516954 -26.6258 
-33.831 1.20431 207.138 
-70.1228 0.49831 123.167 
126.556 0.904217 51.8983 
61.3215 0.217935 318.888 
125.168 0.569945 -48.2744 
28.5019 0.368166 -378.092 
-78.4281 0.364363 93.5238 
-110.933 0.655587 -267.339 
-4.20948 0.287697 -87.9778 
93.3583 0.804528 -23.5051 
-102.368 0.433227 -46.1791 
-37.8476 0.38005 -69.0146 
13.0987 0.557884 -290.052 
-29.9557 -0.104545 339.027 
23.576 0.292579 -186.733 
92.3289 0.4774 -346.475 
25.3559 0.578232 -234.852 
103.415 0.772125 -27.8725 
-136.985 -0.101749 -133.099 
-129.397 1.09984 251.223 
4.55995 0.502376 -56.5215 
-95.8901 0.347435 -207.332 
54.4904 0.185811 -117.474 
-101.335 -0.236608 385.812 
138.538 1.48375 144.641 
1.75451 0.57849 -282.673 
-91.7757 0.917248 163.175 
139.836 0.943432 104.483 
112.775 0.197177 -138.298 
76.8538 0.671258 42.754 
-43.2004 0.0448867 -131.705 
-73.3364 0.515376 28.6447 
-36.895 1.1257 234.681 
-31.9821 0.554377 -236.174 
47.2569 -0.0938485 338.318 
96.2003 0.673156 -47.1713 
58.1768 0.457697 -371.948 
-89.1604 0.334602 68.8908 
103.163 0.363338 -189.345 
92.8383 0.457059 -323.495 
-92.8918 0.512893 23.0494 
21.4224 0.469839 98.5737 
78.7795 0.703747 30.3675 
-116.282 0.501476 -31.9261 
90.9183 0.584601 -372.361 
-62.7229 0.158848 -175.974 
6.3021 0.120531 315.573 
58.0912 0.515001 127.502 
-62.289 0.133585 -101.694 
-89.4798 0.496908 122.775 
97.1016 0.784491 233.277 
-119.253 1.45504 205.953 
41.4745 0.34696 -330.264 
85.9628 0.224082 -158.126 
-48.678 0.67198 -255.796 
41.6309 0.328062 -100.387 
30.9081 0.251807 -175.135 
31.6366 0.686561 163.386 
-24.2521 1.12383 227.941 
54.5002 0.699223 167.9 
-110.833 -0.122429 -334.196 
-57.2892 0.162653 311.3 
81.1326 1.04078 204.106 
17.441 0.332975 -390.319 
-117.292 0.477861 20.8648 
-72.1661 0.420698 -297.294 
2.41274 0.478648 111.785 
-6.87258 0.465621 81.9117 
-57.7675 1.24085 204.007 
-93.1942 0.0518399 -169.523 
75.8506 0.751521 1.03161 
107.663 0.672696 55.1016 
-143.637 0.496344 -0.82269 
-26.6748 0.327718 -202.417 
-43.7537 1.07114 185.08 
-31.7755 -0.155484 399.692 
56.4294 0.647935 -267.721 
-133.602 0.309586 47.4902 
65.6992 0.233924 435.819 
125.363 -0.518758 257.903 
119.561 0.231364 -115.943 
49.5909 0.473885 117.143 
95.4716 0.596088 -241.052 
-78.9155 0.27529 -77.2185 
-110.488 0.0514197 -102.858 
126.765 0.219826 -149.848 
-16.4449 0.926055 251.687 
-71.4018 0.403357 60.937 
-47.9765 0.964587 251.735 
-82.4428 0.174827 -189.738 
9.99741 0.422724 -83.3848 
-44.6924 0.430351 65.2447 
80.374 0.677924 -257.944 
7.95942 0.710211 266.322 
-25.8594 0.564171 -285.603 
-99.5081 0.561673 128.72 
-84.6015 0.472221 -290.638 
77.736 0.233903 -166.303 
99.2075 0.773276 220.612 
-50.9665 0.145043 -346.031 
76.7342 -2.24954 378.028 
112.818 0.669802 35.6598 
-106.949 -0.0379126 -128.764 
-72.0596 1.20407 233.034 
46.8907 0.582427 -57.0632 
-101.811 0.31223 73.7421 
-57.5023 0.607951 -29.6103 
119.024 -0.13344 115.999 
73.2073 0.19916 -131.907 
115.037 0.655324 272.585 
12.5348 0.710451 -1.83083 
-123.697 0.445569 -39.7733 
80.3 0.584048 68.3574 
-123.807 0.327686 50.731 
96.8266 0.680669 261.772 
-58.7789 0.4545 47.2327 
92.5822 0.686442 -401.991 
22.3836 0.402536 -85.7042 
-26.6029 0.202508 -368.295 
94.7352 0.395358 -196.786 
68.947 0.526475 92.1947 
29.4936 0.479015 108.528 
-97.7771 1.29183 195.069 
-73.7699 -0.399307 -381.027 
51.124 0.700397 19.2605 
-61.4298 0.0940722 -152.157 
14.5446 0.305832 -331.306 
-81.6913 0.373395 82.84 
18.487 0.427281 -314.601 
48.2608 0.0358942 323.703 
-133.435 1.3103 182.785 
13.8171 0.175528 -119.177 
6.31346 -0.160448 394.963 
116.47 0.272157 -170.004 
-98.9691 0.218751 305.18 
-59.3268 0.400229 81.0962 
-49.2654 -0.17048 398.187 
-62.8174 0.307565 298.978 
23.8817 0.525999 65.2521 
-56.3378 0.439565 -55.2413 
95.1724 0.722936 -35.183 
72.0631 0.825529 258.395 
139.273 0.225212 -119.324 
-62.9784 0.223885 -208.015 
-42.4958 0.121557 -373.562 
-6.66748 0.623564 24.8286 
-16.401 0.421402 -66.1683 
-48.4654 0.0301215 -120.074 
-7.62727 0.439773 -310.078 
88.7023 0.403575 358.695 
74.5442 0.588933 -399.994 
-75.9699 -0.0699247 333.683 
-10.7002 0.478266 -224.151 
133.99 0.672507 44.6407 
-115.555 1.35478 224.888 
5.5942 -0.152871 345.032 
23.3232 0.198349 -165.069 
-127.786 0.530287 124.605 
-31.368 0.43307 83.9902 
90.3688 0.449786 -208.134 
110.206 0.427527 305.503 
74.8525 -0.851041 294.579 
50.2903 0.878521 192.347 
9.43373 0.291462 -187.509 
-19.7543 0.483807 61.1182 
82.8205 0.595499 -386.394 
52.457 0.793717 180.112 
-25.3359 0.439344 72.8527 
-115.204 -0.0306516 -151.647 
112.536 0.783654 -21.3647 
-78.4504 0.350995 -65.6027 
-4.3241 -0.222754 380.491 
67.1949 0.530862 137.264 
-48.8549 0.498046 122.909 
-5.54006 0.18425 -103.654 
132.248 0.585703 -68.962 
97.4558 0.549136 162.814 
-122.124 0.159224 310.399 
28.0653 0.690822 -259.621 
-131.326 0.279688 73.6155 
75.3501 0.699037 -37.9385 
-2.3559 0.513385 123.584 
-118.518 -0.04586 -326.301 
51.5859 0.563655 -232.12 
-89.4256 0.388833 100.103 
-21.1133 0.657073 -7.00554 
53.7907 0.69029 -36.3054 
97.213 0.574761 80.5214 
-95.2484 0.408797 -297.678 
139.92 0.835881 92.026 
92.0726 0.741544 199.638 
-0.0353065 0.461476 91.371 
-36.9657 0.552426 -40.0893 
107.307 0.641265 -369.663 
-79.49 -0.233488 367.566 
16.821 0.162187 446.524 
41.2676 0.391657 -368.769 
105.993 0.457719 -88.1854 
-88.0212 0.54294 11.632 
39.4361 0.68344 22.5434 
92.5214 0.206882 -133.076 
-130.867 0.0863723 -89.5137 
-126.165 0.434774 27.0998 
99.242 0.475533 139.599 
-81.2172 0.941623 166.943 
-90.7959 -0.0488771 330.315 
66.0282 0.544297 162.877 
-105.058 1.07041 249.748 
-110.307 0.322075 65.2268 
-143.459 0.391559 -41.5822 
63.8949 0.322874 -186.761 
-69.1252 0.409422 100.911 
24.2006 0.478503 119.829 
-73.0898 0.00425327 -145.426 
-24.8318 1.03355 241.707 
61.1866 0.0863796 332.808 
125.565 0.610487 -270.402 
-66.4406 0.37122 71.1657 
109.015 0.983654 227.486 
76.1864 0.657747 158.116 
100.647 0.776886 -5.50438 
79.0381 0.638748 53.6135 
-82.1648 0.0311734 -112.488 
102.386 0.74154 31.5118 
-13.9425 0.34438 -78.5969 
10.3346 0.440618 -211.279 
43.6918 0.469855 -78.1922 
3.62034 0.484357 -223.794 
97.0656 0.67233 52.5496 
-99.8448 0.41693 117.038 
110.877 1.15791 215.208 
-121.07 0.319533 93.5919 
-69.0286 0.442034 111.693 
67.1807 0.749164 -6.92177 
127.348 0.103227 270.494 
-67.0504 0.114364 -324.419 
-54.8568 0.613762 2.37257 
-3.54909 0.267064 302.844 
-111.51 0.336546 88.3291 
-98.9467 0.350301 64.1522 
-69.6964 0.677181 -242.187 
73.0618 0.591285 -238.22 
-81.9026 0.594026 -10.6011 
65.2897 0.578812 305.153 
34.5119 0.403968 -87.9268 
31.0868 0.503647 -222.194 
142.783 0.717144 23.4587 
-68.3614 0.32987 -71.7671 
65.7322 0.503584 103.704 
126.58 -2.29998 165.502 
77.0622 0.373127 146.466 
-119.939 0.399529 105.348 
-46.488 0.571898 -236.373 
35.2287 0.613615 150.859 
-37.6581 0.936584 174.564 
-50.5978 0.157557 -178.089 
-23.2281 0.097849 -156.499 
69.9162 0.488825 -217.432 
34.8457 1.01458 209.848 
-36.0695 0.0484424 -120.702 
-67.1397 0.0227777 -129.285 
-63.0718 0.000290346 -140.142 
-58.7204 0.295978 -78.5758 
-130.436 0.0142163 -101.648 
131.54 0.78269 232.351 
-99.8979 0.173972 -87.0481 
5.93633 0.556179 133.898 
-54.8018 0.326184 -362.155 
76.4108 0.333762 -187.089 
88.8662 0.342612 -187.129 
-46.5768 0.490136 -48.0896 
-3.17473 0.0623837 -140.933 
-130.38 0.356017 99.4864 
93.4026 0.536244 109.832 
77.3992 0.542837 -298.017 
-47.4106 0.0697402 -390.559 
-46.5943 0.217493 -190.107 
-3.20528 0.645631 12.9505 
-71.5494 0.169143 310.375 
28.878 0.57133 54.1419 
99.4382 0.490315 -216.55 
42.007 0.703101 -33.1685 
127.239 0.636791 -256.403 
10.3459 0.153004 -141.984 
101.591 0.615803 -272.423 
-92.8302 -0.245432 372.154 
-74.4228 0.0817659 -171.413 
67.3633 0.907202 221.855 
-70.3473 0.599253 136.673 
-68.3592 0.644884 -25.1965 
13.6305 0.470627 88.8511 
101.965 0.764228 20.534 
-2.80964 0.555028 -236.11 
-69.5135 0.242802 -83.723 
-126.926 0.411335 -208.688 
-81.9965 0.876672 262.516 
-64.8166 -0.224535 362.262 
-70.8448 1.27027 220.153 
-82.3153 0.805418 154.781 
110.934 0.542718 -348.657 
-89.955 0.435493 111.287 
24.1761 0.595472 -51.1327 
-44.6374 0.84559 164.706 
-133.587 0.522 -6.81109 
-101.442 0.354339 84.474 
102.743 0.714339 251.682 
-32.3436 0.456803 63.104 
103.216 0.276882 338.821 
-73.6595 0.603491 -2.61061 
124.173 0.392976 -193.229 
-136.811 -0.091891 -145.024 
-123.633 0.0525147 -175.595 
-51.0567 0.630306 -9.67352 
-116.02 -0.220895 -343.378 
-39.8248 0.157836 -356.975 
23.7676 0.151798 -143.043 
39.0384 -0.0547765 408.23 
39.4299 0.842422 184.366 
74.2361 0.549035 80.2051 
60.2411 0.690559 27.7696 
-84.5213 0.490591 30.0318 
4.83721 0.536444 56.4686 
59.5214 0.201577 -152.559 
18.5116 0.728982 166.908 
-83.0657 0.657707 142.961 
-91.783 0.0702826 -105.523 
-79.882 0.648007 -250.473 
-95.0052 0.0871038 317.899 
-59.2458 0.830496 -302.013 
77.2458 0.118684 269.886 
18.1855 0.734617 -26.2839 
20.6485 -0.107541 338.283 
130.124 0.282323 -111.562 
-14.9806 0.521501 125.837 
-119.897 1.37386 194.882 
-29.9232 0.179877 -385.311 
-77.1465 0.566794 8.60286 
36.6343 0.545762 63.9726 
-0.39634 1.08353 229.787 
4.48883 -0.224898 364.223 
-73.9939 -0.00718631 -120.29 
-115.271 0.372816 42.7633 
-18.9339 0.598906 27.0954 
-72.5576 1.0409 247.719 
87.3696 0.50298 317.479 
112.083 0.40985 -198.179 
-74.1032 0.0278069 -157.008 
38.7404 0.572353 -234.07 
-30.9472 0.572239 29.4497 
-103.012 1.32622 224.257 
-25.0174 0.207314 -351.774 
142.473 0.732685 -44.9166 
48.7928 0.359868 293.581 
-2.06669 -0.0180051 416.272 
-46.1401 0.422408 -305.311 
-110.878 0.560797 -277.526 
98.9166 0.510195 -312.14 
87.4082 0.706796 225.254 
-121.644 0.444395 -219.698 
-35.7945 0.478417 -52.627 
-124.507 0.668488 -230.087 
-118.561 0.00508648 324.916 
-12.6442 -0.14811 398.993 
111.215 0.746297 -10.2933 
111.829 1.24923 202.578 
-65.4587 0.274468 -351.473 
18.8742 0.527792 131.524 
-36.983 0.297056 -81.9039 
21.1427 0.692999 7.31463 
65.3386 0.252556 -111.936 
14.701 0.839856 179.784 
-113.357 0.0356013 -171.845 
-79.1331 0.417043 -54.1486 
100.033 0.381836 313.988 
-85.4748 0.186162 308.386 
102.21 0.784643 -16.54 
-73.4274 -0.0566121 434.272 
-116.987 0.990463 258.593 
-47.2348 0.597078 11.1661 
28.8675 0.328997 -98.3537 
123.739 0.57049 -284.685 
-37.9509 0.174332 -179.608 
57.6313 0.27272 -175.651 
61.2444 0.479157 115.727 
4.42463 0.266656 -95.4002 
96.5539 0.310331 -178.77 
56.8988 0.495376 -219.269 
55.9322 0.484423 280.953 
65.5845 0.544951 -413.474 
-41.0268 0.822775 263.273 
-91.1019 -0.440136 -382.233 
-40.171 0.454764 287.228 
-104.536 0.610487 277.412 
-128.552 -0.077899 -114.383 
-34.7719 0.396048 -212.828 
-79.6814 0.42316 105.398 
5.91934 0.481082 79.3087 
-81.1797 0.407329 50.2063 
-82.5577 1.17954 238.45 
-114.478 -0.0142156 -161.801 
-93.9658 -0.0190562 -146.251 
-60.8769 0.545593 128.874 
-143.725 0.396635 27.069 
-69.7426 0.430535 49.9425 
44.1268 0.236576 -111.975 
-31.07 0.0523709 -133.077 
-11.3156 0.470325 113.649 
-69.9993 0.555057 17.2808 
16.1853 0.472329 110.043 
-10.2968 0.606615 -247.508 
66.7781 0.345292 -100.798 
-97.1305 0.638375 141.135 
-36.352 0.121226 -403.655 
-134.633 1.14033 170.34 
-121.028 0.322141 61.0972 
-124.302 0.350826 295.375 
100.716 0.450965 128.222 
54.9039 0.614321 51.2002 
-24.578 0.189597 -179.666 
67.1528 1.0238 246.145 
121.13 -1.27029 222.731 
-139.779 -0.0634557 -108.278 
93.2422 0.327908 -105.289 
-50.4252 0.49285 -223.456 
-98.431 0.521775 13.998 
-89.6332 0.345832 295.889 
-94.5003 0.389896 46.0915 
-74.4378 -0.451573 -429.011 
-24.6124 -0.0272101 418.172 
-92.7332 0.580311 -7.83273 
-31.401 0.429592 -309.259 
-49.3941 0.389653 -211.299 
-51.883 0.0241594 324.198 
96.5178 0.702559 40.2101 
-100.598 0.337075 94.9628 
87.1355 0.623964 155.149 
-11.6844 0.138499 314.155 
104.764 0.705161 -40.1491 
33.7276 0.39284 290.655 
0.18265 0.0738297 -117.486 
-131.596 1.40861 225.595 
9.12431 0.952273 238.848 
-19.0258 0.286214 301.061 
-116.71 1.1313 246.695 
-71.3261 0.161344 -95.3962 
134.893 1.60444 201.632 
119.148 0.305403 90.6215 
56.9294 0.375299 -197.023 
-28.6622 0.425739 95.4901 
-58.601 1.22478 -377.229 
-94.2829 0.56202 -282.661 
80.6364 0.489759 123.102 
85.0127 0.564238 78.591 
86.7295 0.573768 166.847 
-119.393 0.570534 -20.0794 
28.468 0.792956 175.958 
50.473 0.311223 -186.155 
96.5874 0.718013 185.678 
-12.527 1.07701 236.012 
47.364 0.499289 -307.033 
100.091 0.519916 92.0294 
-22.2565 1.10805 197.846 
-2.33266 0.557347 46.4509 
-90.1775 0.138424 -94.1611 
-90.7452 0.42906 -49.5846 
-18.4188 0.168561 -104.876 
-90.3384 0.615379 -18.6686 
-4.22016 0.128617 -164.207 
57.7241 0.489887 93.8117 
124.858 0.164157 284.715 
140.492 0.339286 -105.158 
56.1871 0.666676 -255.025 
-94.8935 -0.0197536 -128.244 
-70.2472 0.255053 -311.052 
-119.015 0.257641 -72.6766 
86.3884 0.449687 -87.3639 
-127.274 -0.0823333 -125.188 
-111.697 0.32383 77.1206 
68.1365 0.555789 71.0666 
30.4522 0.169483 -132.381 
-5.51593 -0.00208948 326.864 
-130.246 0.168215 -78.4839 
-92.3701 -0.0375662 -116.953 
-57.4371 0.374774 -66.4905 
-83.2159 0.345776 -304.739 
47.2715 -0.21008 353.802 
69.4247 0.181149 -144.166 
-39.7393 -0.202628 351.675 
123.584 0.537944 -75.9611 
64.7425 0.615533 175.53 
129.215 0.585664 -242.493 
-46.3027 0.624607 275.432 
110.153 0.540085 -305.521 
-141.497 0.282964 80.1839 
-74.9006 0.356595 -205.243 
-109.617 0.841998 -253.22 
24.3627 0.71711 -5.22043 
-48.5967 0.301789 299.587 
-55.1139 0.0857007 -110.027 
78.7202 0.756477 -10.0523 
92.0986 0.201626 -146.691 
-126.787 0.65982 137.2 
-60.6534 0.972558 252.651 
-109.278 0.211651 -79.3045 
19.7657 0.985061 230.287 
11.7152 0.506762 66.6156 
-86.8268 -0.138413 342.81 
40.9897 0.862615 244.924 
118.298 0.703566 58.6194 
-58.5639 0.576932 14.4316 
-59.5647 0.636679 142.562 
39.049 0.252434 303.139 
-128.497 1.29272 237.779 
8.62401 0.831752 253.092 
-50.5585 0.745611 153.05 
104.669 0.48653 294.261 
-25.4883 0.127157 -437.184 
-135.725 -0.0540424 -157.823 
-94.582 0.98094 256.722 
67.0292 0.562188 -65.3025 
-125.097 0.531982 0.89248 
-55.1626 0.821904 264.025 
130.556 0.63318 74.1453 
107.047 0.594439 -63.766 
22.9949 1.03218 216.04 
-117.635 0.584514 130.255 
-15.4397 -0.227255 367.808 
30.3099 0.364613 -198.065 
-110.703 0.0799653 -320.325 
101.162 0.469141 -336.076 
52.2611 0.213723 -163.879 
-89.6845 0.223525 -82.4993 
-31.7638 0.638184 274.296 
-102.473 0.892269 158.948 
-7.86604 0.4999 -53.2361 
-85.3552 0.495032 -40.8195 
1.90909 1.07159 199.82 
-62.3074 0.543206 25.9295 
96.9821 0.611632 -59.0064 
-125.509 0.238956 -196.203 
-100.741 -0.138962 342.489 
-65.4115 0.384142 91.301 
-119.785 0.457128 -281.687 
69.8095 0.549738 -433.701 
-113.139 -0.0626382 -140.493 
-83.735 1.02216 250.964 
-121.366 0.374814 -50.7545 
9.16386 0.681 10.38 
-38.45 0.471446 -224.673 
46.8256 -0.221773 370.617 
44.1293 0.523834 73.6447 
-138.211 0.618532 131.809 
-131.312 0.3119 86.7304 
-58.6076 1.28143 216.2 
-4.011 0.40689 -212.352 
2.71967 0.334961 -200.175 
-35.4232 1.18296 220.745 
31.4837 0.508179 75.2228 
-65.159 0.0940911 -163.7 
99.6946 0.542357 -357.8 
86.0992 0.569567 -233.515 
58.3757 0.653402 40.154 
12.2146 0.528081 278.491 
-28.8286 0.433942 -61.3034 
37.0072 0.531581 -297.331 
95.079 0.209123 -121.755 
111.228 0.564436 -291.026 
129.111 0.245691 97.2967 
-141.383 0.120504 -81.2766 
-83.3159 0.0300178 -163.772 
-18.0315 0.672555 -259.949 
51.9453 0.168763 -143.164 
97.7313 0.562043 -70.4218 
-32.7992 0.238321 -191.239 
-124.96 0.376714 38.9444 
-48.4838 0.668685 -22.062 
-103.415 -0.0581835 -119.152 
-65.8965 0.686764 -274.568 
-109.248 0.631145 -23.7715 
-61.8936 1.10812 240.536 
-16.1641 0.779944 161.966 
140.845 0.76737 80.0037 
42.0419 0.592087 53.0897 
0.171675 0.671143 1.06781 
-62.0337 0.239744 -220.078 
88.7846 0.518317 99.5886 
-32.3452 0.646107 -5.08136 
109.747 0.745572 0.698394 
87.4286 0.576072 -65.2535 
130.838 0.53588 -228.582 
-54.8805 0.261454 -411 
-117.469 -0.0598506 -129.594 
-102.737 0.3645 54.8507 
115.054 1.00693 249.136 
123.662 1.02811 39.3601 
-104.109 0.488184 24.7889 
-79.5828 -0.0425617 -330.819 
-107.618 0.12972 -185.718 
-126.081 0.560772 280.583 
-142.421 0.28498 55.1447 
10.9588 0.248689 302.641 
-17.4002 0.220357 -397.912 
-113.888 0.46418 286.439 
78.5374 0.386016 134.781 
87.793 0.679616 47.5448 
-129.915 0.241955 -68.1248 
-109.698 0.127206 -91.0168 
77.3172 0.580755 -284.648 
-49.1167 1.10535 239.075 
104.213 0.219133 -129.127 
109.952 0.950101 135.427 
64.8336 0.735336 4.44334 
-25.117 0.472905 -223.903 
-125.74 0.821801 149.684 
-56.5598 0.517592 -42.4885 
-111.7 0.27337 301.11 
107.749 0.534284 -75.3939 
-78.1501 0.354277 72.1656 
-81.1688 0.535957 19.7788 
-19.7508 0.172181 -416.612 
-12.2457 -0.1098 339.756 
-132.886 1.51823 208.28 
-34.3195 0.289847 300.674 
-24.213 0.702992 151.693 
5.28092 0.820799 170.726 
119.591 -0.458358 130.017 
55.4798 0.455576 -81.9732 
133.229 0.748534 -37.7144 
-108.807 0.501335 15.6678 
-4.63079 0.845151 260.151 
101.205 0.1861 -139.792 
-110.913 0.267944 -308.183 
87.6983 0.444193 330.859 
142.462 0.77081 -30.6167 
141.157 0.71221 54.0243 
115.094 0.255414 348.151 
-59.544 0.215092 -90.3361 
117.48 0.329378 332.408 
-44.92 0.426766 100.533 
68.5419 0.676145 35.9046 
-79.2134 0.560266 129.982 
83.6846 0.211798 -125.637 
-119.611 0.354665 -291.358 
-88.5719 0.305012 -71.4491 
-27.0415 0.618805 -31.9063 
-89.2518 0.602831 134.082 
2.23385 0.112283 -152.86 
77.3148 0.53203 -226.021 
33.5985 -0.0455828 330.364 
56.5723 0.386212 -94.6008 
36.1029 0.727848 -8.9299 
-24.7984 0.294362 -84.8689 
91.5989 0.512705 120.928 
-47.1135 0.49023 43.8235 
-121.575 0.724997 -254.088 
37.9919 0.409528 -413.314 
21.2128 0.0616842 320.306 
47.9145 0.945349 204.86 
-95.7625 0.454339 33.9748 
71.4997 0.214977 -156.122 
-98.3472 -0.353416 -363.941 
64.3225 0.549272 -229.49 
104.251 0.316256 382.322 
86.8624 0.762425 -3.13238 
-109.69 1.46384 214.164 
88.6451 0.561597 -291.825 
-76.3003 0.316357 298.223 
-94.0639 0.564564 -232.783 
-16.5617 0.755103 266.232 
102.732 0.775164 9.0245 
55.9004 0.637482 -48.0045 
-143.808 0.447696 13.0762 
-70.8049 0.0739995 -108.904 
101.298 0.241266 353.096 
-114.71 -0.0804233 -117.776 
53.6117 0.488274 -400.801 
85.0306 0.718039 258.618 
-10.9065 0.616951 -271.668 
-120.778 0.0739859 -95.6946 
-66.5066 0.958474 171.025 
-24.2135 0.640123 5.07316 
115.991 0.645122 -56.2838 
112.922 0.749182 -32.8642 
-0.467028 0.242322 -433.318 
82.7194 0.616081 -245.663 
-71.6543 0.847947 160.567 
-88.9471 1.07086 176.489 
107.144 0.48083 -322.844 
-31.2555 0.274331 -327.159 
66.9161 0.640038 49.1284 
110.147 0.809758 109.11 
8.15762 0.464325 100.436 
-79.4949 0.645074 -21.6044 
-57.6166 0.429322 103.777 
-106.187 0.503607 -35.132 
89.6459 0.587387 132.093 
-117.808 0.18918 -203.161 
-136.018 0.00689529 -171.49 
-10.5087 0.57596 36.7803 
-16.151 0.0601852 -139.443 
65.4848 0.558745 -292.019 
47.3029 0.440731 -384.323 
119.711 0.915343 5.55678 
-7.4151 0.510877 58.9423 
-54.7341 0.391266 70.1867 
-3.43502 0.612144 275.68 
-75.4406 0.48427 -44.2958 
56.7974 -0.0791512 397.281 
-42.7103 0.152643 312.505 
-26.9039 0.0607482 -145.021 
-51.0903 0.583257 134.658 
-0.629521 0.484495 69.1957 
-17.9931 0.568377 278.723 
100.845 0.476182 102.648 
-61.5355 0.685536 -288.149 
-114.593 0.550815 -2.63902 
-14.4218 0.437342 93.9766 
122.485 0.551699 -299.766 
-55.3302 0.262076 -199.339 
-17.7029 0.554522 -235.75 
66.902 0.609479 -277.144 
138.973 1.27345 130.495 
-70.0399 1.30891 207.943 
130.437 0.84344 9.67164 
4.6013 0.279258 -358.035 
108.86 0.526386 -224.907 
21.201 0.319151 -429.254 
137.242 0.206071 -144.216 
118.005 0.378402 235.792 
-63.7594 -0.112294 413.904 
-98.6759 0.594349 -26.8388 
88.4864 0.590332 292.738 
76.3014 0.47279 -82.0576 
-105.636 0.76337 148.094 
-139.208 0.469734 119.153 
136.942 0.215359 -132.029 
-11.5705 0.255072 -379.949 
-70.8774 0.612294 -13.9297 
-29.7908 0.127024 -168.112 
131.958 0.766011 20.5263 
78.2058 0.451781 -209.368 
-85.5102 0.284894 -200.214 
-142.204 0.29696 -55.414 
105.816 0.606696 74.8299 
-64.2952 1.0827 182.34 
25.0568 -0.166391 393.348 
-55.3037 0.243588 -435.522 
74.631 -1.5359 327.951 
-115.657 0.720296 272.035 
86.3289 0.686998 -42.2125 
96.9063 0.542366 -228.236 
-70.9599 -0.29455 -364.637 
-47.2528 0.450334 111.283 
-47.3483 0.574963 -34.9727 
32.8898 0.65015 -42.0023 
-94.7139 0.635611 -269.669 
64.5766 0.201151 -124.315 
4.29584 0.377539 -319.635 
117.686 0.572221 79.0606 
-122.676 0.736483 -242.199 
-38.9839 0.475544 53.1836 
-119.323 0.271606 -301.795 
-110.287 0.36759 -55.2834 
100.414 0.315242 326.642 
-79.8164 0.429931 117.121 
108.845 0.208506 -119.522 
61.176 0.513083 -305.582 
-59.9232 1.19689 228.4 
105.435 0.622071 -249.139 
51.695 0.193358 308.451 
58.9671 0.743554 256.557 
85.4208 0.428604 -334.479 
-134.36 0.445838 20.0567 
112.555 1.36072 189.714 
-56.0264 0.510115 -245.548 
-96.5338 0.220686 -195.12 
-0.841921 1.16439 213.717 
-72.2111 -0.465631 -411.1 
-143.719 0.322443 41.5667 
-9.21293 0.253516 -348.138 
131.462 0.405122 -97.549 
-111.563 1.00982 166.2 
-34.3633 0.0474288 439.478 
-111.177 0.368243 -297.201 
-40.4677 -0.220714 382.347 
-76.8939 -3.09101e-05 -134.85 
-139.219 -0.115091 -120.879 
-34.0339 0.452077 106.219 
101.039 0.752303 208.057 
-104.044 1.25125 236.7 
-126.337 0.551523 -27.8631 
131.746 0.483185 -214.489 
142.287 0.742286 -3.2218 
-46.2072 -0.0965051 337.837 
37.5699 0.474454 118.659 
132.882 0.713719 32.0503 
55.6305 0.536914 139.215 
109.002 0.955965 146.995 
-80.4735 0.466123 286.13 
-94.7127 0.692107 -256.301 
-2.9962 0.670673 -258.899 
-50.14 0.195482 -330.872 
-11.1548 0.196374 -178.433 
117.04 0.611055 -247.708 
56.1573 0.73882 -4.31263 
-95.3749 0.564961 3.08512 
110.444 0.727914 97.0376 
69.8743 0.902911 208.606 
77.261 0.50336 101.613 
40.9035 0.533016 -66.8753 
141.16 0.453561 -90.4691 
-11.3866 0.0979853 -152.074 
-34.922 0.507364 -295.666 
142.002 0.721376 9.81975 
75.7623 0.409807 -93.7952 
33.4896 0.628343 -246.894 
35.5688 0.588379 -54.4856 
0.970136 0.971297 184.067 
-95.1409 0.765168 268.919 
51.8561 0.548396 -294.235 
23.431 0.511823 -301.001 
9.80951 1.01924 221.526 
21.5619 0.723205 263.629 
-48.7075 -0.224759 364.402 
-119.987 0.165155 -84.1499 
76.6504 0.651536 -48.5219 
-42.2527 0.112552 -167.262 
70.5207 0.388191 -197.989 
-94.5307 -0.194657 402.135 
20.8122 0.870257 247.204 
90.6508 0.648084 -265.571 
63.9638 0.750741 269.29 
78.6783 0.628131 -271.064 
100.708 0.263139 -112.479 
-120.853 0.273552 71.092 
-115.111 0.284374 -259.675 
-80.3664 0.194343 -88.8095 
-56.3379 0.64812 -316.432 
32.3135 0.521186 129.507 
-37.0586 0.213617 -340.444 
40.1698 0.397413 -439.576 
66.6283 0.623 -52.6803 
142.607 0.776141 -16.7621 
82.5591 0.185157 -138.061 
-95.6688 0.499803 -37.9727 
51.9255 0.471907 -424.639 
118.413 -0.148462 157.818 
87.0182 0.630786 -53.8129 
-102.603 0.0289812 -109.382 
-92.94 0.625763 -244.773 
-82.1062 1.26287 225.077 
-104.57 -0.0352582 328.757 
4.60775 0.423769 289.461 
125.758 0.574178 -60.5835 
-81.024 -0.222601 354.572 
-39.0314 0.553556 130.722 
110.881 0.946542 123.137 
-47.6107 1.17916 225.773 
122.334 -1.82807 209.166 
122.198 1.04949 28.3178 
33.7397 0.611463 43.8466 
83.181 0.29391 -176.805 
132.763 0.796276 -24.0707 
-79.0493 1.25423 199.371 
31.5295 0.470787 -76.0215 
82.5515 0.395629 -198.062 
32.8014 0.711936 3.48659 
-132.437 1.42705 195.331 
-87.9974 0.577837 -29.5592 
50.5112 0.635868 268.794 
97.9562 0.619366 174.057 
-93.7796 0.130692 -184.141 
-71.0997 0.385904 81.959 
77.1115 0.303497 -107.03 
116.201 0.698675 47.1859 
26.607 0.651319 28.7943 
44.1679 0.636484 -270.693 
50.1298 0.42552 -319.535 
-95.6223 -0.224936 356.809 
124.077 -2.37294 183.645 
11.5171 0.584164 -235.58 
111.757 0.690848 13.3251 
61.5088 0.181564 -136.447 
-63.149 0.798909 -394.686 
15.67 0.725843 -14.1365 
-41.2234 0.313059 -201.667 
60.0274 0.607292 -242.198 
-91.8947 -0.11588 -338.208 
41.9531 0.512145 280.219 
-27.1536 0.53854 128.315 
-98.5269 0.32027 -66.068 
-132.637 0.373729 -46.832 
37.248 0.300475 -186.152 
50.2674 0.437125 -208.485 
-3.46839 0.968619 245.714 
64.8895 0.681172 -40.3982 
108.735 0.633209 85.3262 
103.4 0.252027 -167.541 
15.9337 0.293786 -347.565 
17.42 0.169561 -131.162 
0.559685 0.29448 -392.936 
-140.307 0.392034 106.326 
-99.9249 0.375052 -56.217 
-94.7897 0.239695 -311.98 
110.362 0.656533 66.2345 
44.1162 0.501695 -221.09 
-83.4718 0.0113503 -149.871 
132.099 0.78132 -11.7678 
-28.6363 1.02674 184.234 
-45.8242 0.417941 -60.6643 
19.2056 0.478096 -73.7612 
-27.5133 0.218778 -95.7864 
-32.6529 -0.227158 367.284 
-74.2684 0.552692 -283.739 
14.1222 0.574591 144.083 
28.1654 0.357837 -325.617 
111.45 0.313766 -107.858 
122.864 0.684128 -37.5182 
79.6337 0.515346 90.4017 
-100.629 0.0972403 -98.08 
-134.656 0.380345 34.2746 
-108.815 1.31861 189.232 
-20.7814 0.0684722 -127.223 
23.6833 0.087877 428.559 
51.0992 0.517082 83.5084 
30.2625 0.18738 -154.729 
-7.91694 0.875207 173.269 
-8.83149 1.05979 193.72 
94.7424 0.759649 3.26618 
-102.427 0.0786102 -175.11 
-4.63956 0.430674 -65.1451 
-13.7322 0.564646 -41.6655 
128.714 0.376214 85.1088 
-118.414 0.08211 -190.433 
-42.6616 0.545591 32.1387 
-109.536 0.727496 -241.434 
-55.5514 -0.191278 350.06 
-75.6602 0.460303 39.8387 
90.7356 0.415986 389.955 
-9.67748 0.427333 289.644 
16.2878 0.248925 -176.022 
31.2386 -0.243664 376.441 
119.691 -0.0501856 103.355 
37.2206 0.436889 -209.627 
-71.931 0.57755 -229.754 
-113.126 -0.350403 -356.756 
-89.4356 -0.559071 -413.199 
95.5772 0.428592 -93.0995 
56.3645 0.540174 72.0785 
8.98954 0.68008 -35.2397 
4.50342 0.10381 -129.73 
89.6286 0.663402 272.037 
41.0098 0.587257 -283.913 
-35.6459 0.620136 7.89805 
128.977 -0.0434732 110.198 
-92.7703 1.26096 231.011 
-69.9844 -0.167001 346.847 
121.446 1.03396 17.2225 
115.051 0.64865 -261.912 
-12.8004 0.566652 -284.971 
-42.5684 0.639814 -267.728 
-103.75 0.00498339 -161.693 
-40.9202 0.414518 90.3584 
71.2793 0.397145 -332.809 
141.7 0.540378 -75.9182 
118.637 0.563326 -234.071 
-85.2112 0.408269 -212.954 
50.9643 0.766849 -24.7673 
70.5019 0.282643 -176.082 
-84.7195 0.59098 0.377798 
84.3911 0.745227 8.42019 
91.2817 0.252534 -168.427 
44.5028 0.940265 232.487 
41.8021 0.703661 11.0495 
-65.9743 0.59156 5.78528 
-21.3184 -0.00226579 326.743 
106.03 0.815232 240.189 
-115.594 -0.119403 339.433 
33.9751 0.335677 -355.167 
-8.22656 0.0804523 -128.401 
-116.797 0.21523 -212.516 
116.699 0.221222 -128.096 
74.6865 -1.50971 404.941 
-73.7921 0.470176 -217.41 
-111.562 0.554628 -12.7143 
-116.771 0.512888 8.1467 
-84.3463 -0.121682 418.671 
-69.7097 0.258009 -195.295 
-141.847 0.259792 67.6284 
-143.121 0.516481 -14.2662 
-23.732 -0.211254 352.838 
-22.515 0.894197 172.997 
36.3274 0.108824 316.386 
65.5032 0.502257 -76.0245 
-131.79 0.296602 60.9704 
30.3854 0.940246 237.739 
122.738 0.814483 -26.902 
-124.123 0.982822 161.687 
-53.8504 0.396555 92.2687 
10.8359 0.481188 121.559 
42.7499 -0.173961 388.736 
99.9486 0.678658 -386.133 
5.3541 0.616633 -248.155 
111.313 0.475225 -212.433 
-107.733 -0.244466 368.931 
121.932 0.352144 -103.557 
89.8458 0.739883 212.597 
-32.2084 0.139228 -106.573 
108.12 0.311965 -177.885 
105.869 0.649432 -52.1835 
89.235 0.391833 344.008 
-124.064 -0.0267567 -163.73 
14.1569 0.691078 -260.117 
137.725 1.66228 158.951 
12.6105 0.616039 -47.4021 
111.189 0.56593 284.477 
73.0651 1.10215 195.351 
-118.891 0.42731 117.423 
114.456 0.715295 -44.9843 
-55.3207 0.0310174 -129.806 
-108.395 0.114635 314.976 
124.081 0.320974 -178.378 
48.0707 0.580762 147.62 
-83.9057 -0.00636883 -125.411 
-59.6423 0.267782 -233.202 
-105.832 0.889488 263.032 
60.8707 -0.0381481 347.02 
7.05579 0.203333 -107.441 
-107.748 0.624529 135.943 
75.4405 1.2015 231.928 
-91.7372 0.355942 78.7634 
-5.92179 0.466048 102.457 
-59.8358 0.13665 -187.984 
16.609 0.363391 -198.694 
108.251 0.882299 180.022 
103.177 0.666858 -260.689 
136.361 0.239145 -158.394 
-48.0057 0.338386 -73.9226 
-98.5418 1.18504 183 
-22.8439 0.548044 39.1234 
-141.426 0.214156 -68.3242 
-3.22178 0.757171 160.282 
90.0096 0.546306 88.7053 
70.2148 0.766052 -17.7236 
82.273 0.365808 282.28 
42.7139 0.17438 -134.715 
103.653 0.373209 -100.261 
-72.5427 0.156623 -183.564 
-118.522 0.357997 -272.994 
-115.851 1.29638 235.499 
22.3964 0.643772 154.01 
87.562 0.515392 -76.4473 
-68.2842 0.395991 -60.2692 
31.7656 0.805255 254.684 
-82.0092 0.598598 -238.161 
26.3958 0.486741 86.6927 
-50.0879 0.174838 -98.4877 
16.9748 0.557829 53.9879 
10.1898 0.582155 43.9432 
-0.256031 0.552355 -43.9733 
62.5377 0.398324 -345.706 
-114.585 0.864268 155.009 
49.2012 0.567671 62.4368 
24.0205 0.97673 201.363 
-9.91959 0.0804825 436.258 
71.9598 0.604295 60.6711 
-34.8947 1.12188 194.594 
86.9924 0.519668 -307.729 
-0.00928353 0.270748 -412.043 
-16.4628 0.135657 -167.046 
-37.4085 0.733644 153.654 
-137.321 0.771276 144.603 
-108.808 0.294203 -67.1812 
-15.379 0.995154 183.866 
-125.666 0.479797 13.7314 
64.5905 0.515047 -386.921 
-23.0748 1.20515 213.851 
64.3149 0.435994 -320.222 
123.367 0.45501 -90.0295 
107.685 0.857559 157.719 
14.6916 0.6283 31.8557 
-4.12945 0.514322 -296.127 
26.8578 0.577858 -286.048 
-50.7218 0.571886 23.1638 
-35.6608 0.977421 248.667 
-69.5417 0.882862 261.415 
33.3437 0.975918 224.436 
75.0535 0.195276 -118.584 
-34.9252 0.520466 41.5102 
82.893 0.49314 111.384 
88.0667 0.645989 143.391 
46.2124 0.399582 -89.9913 
95.1395 0.465437 302.915 
88.1357 0.629526 60.1143 
66.0126 0.43178 -87.8527 
-123.147 0.540721 -10.3104 
38.4012 0.205221 -164.101 
69.6152 0.495805 125.561 
55.1383 0.916187 226.169 
-116.189 0.16976 -247.579 
26.4691 0.547364 277.373 
-87.5181 -0.0216231 -137.407 
22.3931 0.604235 41.4141 
91.677 0.765055 -12.4844 
61.0156 0.588707 60.6558 
20.2639 0.38237 291.167 
-136.153 0.962635 157.568 
45.1038 0.973298 218.022 
37.2103 0.165742 -144.96 
102.631 0.606482 272.751 
7.15893 0.306873 -374.931 
92.3202 0.372863 372.288 
-15.5148 0.628527 15.0932 
25.9647 0.909215 188.431 
136.347 1.75751 173.315 
-80.7489 0.05765 320.84 
39.0268 0.501004 85.1045 
4.4335 0.627156 -269.823 
74.0944 -1.61126 390.754 
120.36 0.507669 -220.628 
-66.5158 1.20335 195.452 
124.986 0.202995 -137.449 
136.245 1.83065 187.052 
-82.4218 0.591581 -274.63 
85.0704 0.372255 -99.0825 
-119.372 0.321991 -61.6024 
-24.455 0.464426 115.985 
-106.759 -0.486958 -376.893 
92.8227 0.743179 15.2132 
134.469 0.36075 -185.301 
77.0341 0.593882 -59.7499 
-27.4514 0.144476 313.436 
28.3796 0.532801 -64.2938 
47.0329 0.618738 -245.228 
92.4625 0.591487 70.6516 
86.5694 0.599046 178.617 
75.9895 0.923084 170.777 
21.1926 0.6578 -38.3872 
-28.1975 0.867791 259.83 
104.882 0.216028 -149.831 
-60.0937 0.63401 275.217 
-14.6099 0.249404 -93.0778 
-108.862 0.371901 -206.526 
100.658 0.576237 -284.882 
-99.5366 0.251195 -76.2283 
128.637 -0.699631 136.976 
39.3623 0.75562 -21.1166 
-48.3388 0.256887 -85.9889 
-32.661 0.679541 -259.321 
85.7963 0.729591 237.375 
-89.6468 1.31803 203.161 
-46.38 1.17075 199.464 
-18.9949 0.403519 -212.746 
9.41719 0.199501 -164.66 
-46.2761 1.27977 212.506 
-11.9757 0.0890516 -115.696 
-52.7031 0.982407 176.046 
52.3991 0.191582 -128.59 
-118.977 0.141792 -313.229 
-4.38382 0.248939 -189.279 
44.6848 0.728784 -0.734019 
68.2332 0.668307 -263.108 
-65.8101 0.682969 -253.866 
-90.3741 0.358979 89.8199 
42.27 0.685987 -258 
1.66867 0.291106 -338.348 
-109.863 1.14677 177.62 
84.9184 0.626034 190.628 
-77.1907 -0.178582 401.878 
53.5742 0.525763 -70.4461 
-100.005 0.417032 105.617 
-84.5682 0.65771 274.404 
-39.1593 0.209984 -94.4708 
-39.1846 0.590251 20.0912 
-120.782 1.27783 183.836 
17.4503 0.623982 -274.769 
-84.5592 -0.329915 -369.188 
65.7617 0.565241 148.863 
120.974 0.587768 69.1988 
-80.7687 0.112099 -101.31 
-17.8805 0.678647 -18.4156 
-93.2179 0.0146564 -157.455 
-87.6292 1.23992 188.943 
-102.428 0.395235 292.017 
2.04103 0.60265 34.3894 
-134.271 0.462948 -34.7021 
-10.519 0.250228 -364.098 
54.9346 0.59363 -281.487 
-42.353 0.319374 -319.184 
-26.4932 0.367921 -73.4575 
-52.5885 0.591472 -277.269 
-83.9713 0.504798 -225.523 
-130.805 0.306191 -57.7937 
20.7261 0.318144 -363.883 
141.989 0.630356 -61.6336 
-77.1535 0.558397 -32.6718 
59.0509 0.756488 -16.4132 
-37.9211 0.6447 -27.2069 
-115.928 0.43271 31.1688 
-108.085 0.666777 -229.683 
-15.8449 0.64325 -29.9325 
-19.6477 0.486481 -53.9435 
16.6067 0.549311 -60.6073 
-116.556 0.0745894 -181.759 
49.295 0.668537 31.014 
133.967 0.28487 -171.139 
132.03 0.496378 -82.9982 
78.1575 -1.11605 421.1 
12.5353 0.941321 192.477 
111.73 0.234547 -159.335 
-45.0845 -0.0773514 416.66 
-108.057 1.36063 201.148 
99.7319 0.633281 63.4558 
-103.373 0.569673 -5.17384 
102.526 0.63584 195.059 
84.8476 0.740366 -30.9305 
-48.3598 0.509512 -291.059 
41.7061 0.739726 172.124 
64.3827 0.221653 -165.172 
-121.297 0.673033 -265.079 
53.9873 0.839041 243.296 
-11.2729 0.670374 149.379 
-57.6327 0.555385 -264.348 
30.9989 0.630023 -272.173 
-36.6914 0.461733 118.224 
-19.1326 0.590879 138.818 
143.157 0.723909 38.1053 
47.8261 0.739162 -12.7062 
130.922 0.823705 -0.766249 
-56.8884 0.864429 164.438 
74.4187 0.522125 -373.237 
-38.3428 0.419949 74.6175 
-110.463 0.454731 -218.593 
-47.9159 0.412979 80.7889 
12.1941 1.03529 207.585 
39.7741 0.18193 -122.699 
-106.336 0.434326 34.564 
-3.72344 0.627546 -32.4801 
-72.3383 0.665598 273.607 
108.265 0.269451 365.702 
113.096 0.598086 -276.197 
141.385 0.721225 67.021 
-94.0753 1.12685 243.684 
37.2527 0.646086 33.5031 
-77 1.04528 177.265 
-121.759 0.321191 82.0518 
17.9242 0.667742 19.6969 
86.4607 0.240406 -113.981 
113.991 0.41851 -95.7353 
122.162 0.895479 -15.9262 
107.087 0.578599 -236.98 
-80.4317 -0.480718 -395.912 
97.5707 0.489845 -81.5656 
-91.175 0.38409 56.0964 
-12.1413 1.14686 206.729 
-66.4374 0.038515 322.748 
57.7681 0.964214 213.045 
-65.1386 0.487917 37.7445 
19.6456 0.631461 -247.477 
27.5039 0.738634 -17.6216 
16.3055 0.180432 -153.649 
77.2439 0.542646 -71.1953 
-49.0445 0.0645981 -154.241 
-81.7268 1.40069 212.405 
-111.38 0.451361 -287.097 
-125.127 -0.0543391 -150.068 
-93.5743 0.499159 283.253 
-109.259 0.507177 123.107 
62.8244 0.530873 82.1768 
133.426 1.23324 216.872 
-84.4268 0.11296 -177.462 
-84.0257 0.682644 -261.761 
116.236 0.214765 -148.702 
7.87543 0.48981 -304.033 
23.8968 0.435684 -210.309 
128.419 -0.429808 123.002 
-26.3324 0.61808 -271.791 
-141.173 0.311339 93.2733 
54.1279 0.491581 105.501 
-129.169 0.423786 112.01 
6.11137 0.717447 -23.1665 
54.3658 0.29944 -105.323 
124.16 0.241327 -161.747 
36.3043 0.665374 267.559 
60.7951 0.855752 200.112 
17.8501 -0.0481446 411.642 
-24.9248 0.0713259 -116.092 
-72.5478 0.710284 147.604 
127.688 -1.5365 151.073 
-20.4947 0.458156 104.595 
56.5873 0.372767 -332.848 
18.5742 0.493276 76.9245 
18.197 -0.227673 356.014 
-27.4223 0.610866 17.3594 
46.2028 0.483777 95.2993 
-94.9419 0.0259381 -325.681 
-76.0074 1.20235 188.06 
34.4269 0.453745 -312.847 
-86.368 0.442953 40.2782 
-134.353 0.0985438 -186.347 
-88.5982 0.36939 -60.1591 
120.89 0.336442 297.078 
-36.387 0.0848814 -155.979 
92.1819 0.731286 247.345 
46.3389 0.515468 128.908 
-106.118 0.542106 5.1416 
-110.949 0.211848 -196.129 
16.447 0.344181 -96.1718 
-12.9195 0.457832 71.4618 
69.6216 0.64013 -250.576 
63.6665 0.894844 234.801 
60.3137 -0.104083 362.694 
119.098 -0.404183 143.531 
116.083 0.494978 -333.74 
-39.4261 0.606594 -247.336 
-20.0798 0.255326 -336.709 
68.3896 0.444925 -359.374 
-8.84337 0.669847 -8.43959 
77.2179 0.436147 -346.468 
92.0859 0.73012 26.8 
-98.1671 -0.569888 -396.286 
97.7278 0.513845 150.895 
110.977 0.744911 261.285 
78.5691 1.2914 217.607 
130.79 0.693577 61.9736 
-95.6222 0.457004 -219.935 
-8.70383 0.307144 -327.057 
29.6537 0.327799 -340.893 
-116.384 0.698051 142.905 
79.7341 0.449983 -321.061 
82.6423 0.780767 -19.9 
-7.34232 -0.216744 353.81 
75.0114 -1.97262 353.314 
93.0571 0.436689 406.376 
57.1856 0.0598138 415.243 
115.185 0.356654 -186.377 
-132.038 0.555252 -18.7062 
92.7979 0.646114 -253.104 
98.7327 0.547544 -298.647 
44.4595 0.649876 159.87 
-100.973 0.584733 -15.9753 
