9.764330679181698613e-02 -2.952170106126572602e+00 -1.287432898684081017e+01
-4.581517517975177611e+01 -3.212929769448506789e+01 9.917308910224031493e+00
-2.740931171520870535e+01 4.617316720756758919e+00 -4.849419829213132971e+01
-3.751309939824665207e+01 -3.377177162357907036e+01 -2.606930294061367093e+01
-4.091778237027998699e+01 -1.291273494573720271e+01 -4.966801650264166312e+01
-3.192665559683555188e+01 8.034403231865328010e+00 -3.778485232548472794e+01
1.554854823085883808e+01 2.399601247476273969e+01 -4.520592619635005605e+01
-1.643091844645658739e+01 3.936451761700616458e+01 -1.328777381139886238e+01
-9.383926892823946986e+00 2.210876552358772429e+01 -2.216382213663485956e+01
-2.991862897376361730e+01 -4.527284776451452331e+01 -4.213167604580968373e+01
-1.431072732383327306e+01 2.260986811907381622e+01 -1.101184455628216874e+01
2.221903697263250166e+01 -2.706604913847999683e+01 -2.688696938954802107e+01
-3.241523287181332336e+01 3.208177057020956369e+01 1.956989785827949646e+01
-3.037940805142447243e+00 -5.457106467813610529e-01 -4.994591373236298892e+01
-3.795242769335789035e+01 -2.412674073101842609e+01 -4.712753044109293654e+01
4.372297323255386203e+01 4.574283057272441511e+01 4.851053232429661932e+01
1.366549582829019727e+01 3.480022949121289599e+01 4.318433010280746487e+01
-1.973384089744131131e+01 2.867708480352301237e+01 2.482414558367843682e+01
-2.517399886056253067e+01 2.990533306614847575e+01 -1.619884517487495401e+01
5.185405115218766348e+00 -1.389145480793187915e+01 -1.988255982608972872e+01
1.025482219169838771e+01 -4.392339559293080242e+01 2.036779097020405871e+01
4.391308724332419899e+01 4.300096835581889110e+01 -8.146217151220124464e+00
-3.894468895030374256e+01 -3.832437008216110996e+01 3.330803886127313973e+01
2.671344441245334522e+01 -4.036857914878216036e+01 2.653378865386292063e+01
-1.081522552158044093e+01 -1.083023445970049359e+01 1.093187020079451344e+01
1.140162251373113556e+01 1.732312092324739439e+01 3.190654774132672955e+01
1.089139203724986960e+00 2.820620597677064723e+01 2.217784589549812679e+01
-1.742833571629209644e+01 -1.305095343088998838e+01 -3.677656282506506358e+01
4.763930924513874032e+01 1.084786841608563712e+01 3.435853145625063121e+01
-1.226496219370120144e+01 4.377739852498514495e+01 2.631819918375399681e+01
-1.591177242036188133e+01 -4.459742346855765049e+01 -2.028913954797130259e+01
2.628291045807254989e+01 1.973153552745397121e+01 3.735162620554061164e+01
4.543554154304365511e+01 -4.750372713195483243e+01 3.618480625589432265e+01
-2.649431921697569337e+01 3.598523848632428912e+00 -2.402082909524150267e+00
-3.316728074518636760e+01 -3.487891307153525844e+01 -4.659445604240001160e+01
6.683666418894729233e-01 2.771009985800693087e+01 -7.300857562845985527e+00
5.699123205548950466e+00 7.975636704465016713e+00 1.508736008566869913e+01
-3.506311916649775640e+01 4.995915481183534013e+01 -4.501587998281848257e+01
-1.169018999336959297e+01 4.639509872598080875e+01 -3.531200298944684590e+01
-4.210249474750797560e+01 -1.538132794552064020e+01 -9.687135765042187430e+00
-4.473255106032353012e+01 -2.168968217423767797e+01 3.638727054614120249e+01
2.189566852488409410e+01 1.574012028515469019e+01 -1.645095074521846357e+01
2.613350457556137130e+01 4.826057872496750889e+01 2.302028340451674993e+01
3.528529079674003199e+00 7.086347699683114953e+00 -1.696102090253087624e+01
1.919247726102005913e+01 -2.132406711939858113e+01 2.398027827967128545e+01
4.403308550054425297e+01 -3.047232839481635125e+01 -3.947492048292464517e+01
2.382546258105954351e+01 8.756267468194112169e+00 -9.209214237410501269e+00
4.433225131123097640e+01 -8.795879071952562356e+00 1.492543929765824906e+01
-4.309170589006908614e+01 3.113300626216850731e+01 -2.615119194533688241e+00
-2.631759867233282080e+01 -3.189509778987987687e+01 -4.448957496717652305e+01
6.617295664691546619e+00 -2.267022560430838141e+01 -2.560725971431909720e+00
-1.979870277324506844e+01 -5.400164035569843257e+00 -1.524139783311035856e+01
3.056938813390284082e+01 2.398310038949024303e+01 -1.364944507370563542e+01
2.416692542615207628e+01 4.869624141750303892e+01 -3.532326891533335811e+01
-2.830230882657214231e+00 2.049233991189511883e+01 2.940351995678884833e+01
4.794226705965758129e+01 1.086457241884905045e+01 2.653496302701194764e+01
2.842265604123771539e+01 -3.079009984660057242e+01 6.333330860556651842e-01
-2.063553176718640003e+01 -1.278051177063933608e+01 1.988601879494370550e+01
4.272520005922949338e+01 -3.953139838456092292e+01 3.136298763831512204e+01
-2.967199390395456504e+01 2.025723839288156114e+01 -1.106734019760690124e+01
2.747547960522749122e+01 1.245983328363624665e+01 3.195288633002416745e+01
-3.270065244639422986e+01 -1.223602903310205825e+00 -4.551992734396685591e+01
-8.187144468699870004e+00 -2.790174806897508475e+01 -1.508371526257873363e+01
2.394222051646466198e+01 -4.799538155485208790e+01 -3.860874708844040981e+01
-3.432239138305570236e+01 -1.350587158029179591e+01 -2.901685724861923177e+01
-2.914532839241317319e+01 -3.936951573821049521e+01 2.418594287533224474e+01
-2.451760110899694567e+01 -3.839009829346263558e+01 -1.980713084715464234e+01
-2.258096384272068047e+00 1.264039728962824682e+01 3.967126095957712550e+01
-1.232015442240786918e+01 -4.411974755561499961e+01 -2.772839245700671285e+01
-2.513547733673667750e+01 2.397904107028266907e+01 4.161641225080659012e+01
-2.357449365445434353e+01 3.211221843207810167e+01 -3.151731164361504245e+00
7.592775626852543702e+00 3.709092649413056364e+01 3.479303899967679570e+01
4.974287573583053046e+01 -4.952320207332872037e+00 -2.287998276129910025e-01
2.591097402608692946e+01 -1.366410560603759095e+00 -6.925661233856716947e+00
-4.728707468316245865e+01 -2.530709909274211356e+01 -1.348092644059194534e+01
-4.797196998087201081e+01 1.586482098857080558e+01 -1.865383937929927427e+01
3.863042494922665071e+01 1.041084918922425828e+01 -9.527802414485586624e+00
4.423007616625729277e-01 -2.126713879937604901e+01 -3.746765125784396844e+01
-4.030025276053792282e+01 -2.696519154278189490e+01 2.033103812340829464e+01
-1.546722016102769537e+01 -2.698239845835367490e+01 -1.263367905825986170e+01
7.609474984295405697e+00 -2.010106140023633259e+01 2.623381586189159620e+01
1.127841507258324683e+01 4.231927798212914382e+01 1.077871490031182589e+01
-3.934656211026885586e+01 -2.759578356487646289e+01 4.899375725718291363e+01
-4.254945837789662022e+01 -3.600622482957254533e+01 5.587128955561304622e+00
1.186284745592681666e+01 3.992215592240011546e+01 2.726616902606613380e+01
-3.850356712985213647e+01 1.399427366845607068e+01 -4.538343295116054321e+01
-2.008206807651426828e+01 2.168764666562248422e+01 4.918176695148979150e+00
-3.950188432110234515e+01 6.339473734859701892e+00 -2.181070549474951648e+01
-1.520899621659910217e+00 3.507992607926945539e+01 4.724007077950071931e+01
-1.237678589443624944e+01 7.907605467750777883e+00 -1.924571879398446583e+01
3.806078794364918849e+01 4.214670604921726493e+01 -4.623089287614413934e+01
2.207905110278800720e+01 1.496104588892488430e-01 4.178775354805016917e+01
4.224793836484948173e+01 -1.751133089148249056e+01 4.952062949180469076e+00
-2.387671257968000305e+01 -2.261601707323755051e+01 2.620429828575350228e+01
-2.294397552310503130e+01 2.148607247693801181e+00 -3.206377479006845732e+01
-1.492300628310800903e+01 -4.622169530090931744e+01 1.735903547698270799e+01
-2.520560680888024407e+01 1.535102751195374182e+01 -8.090883534383264575e+00
-2.286635923371683887e+01 4.131671840771785753e+01 -7.848540400645864779e-01
-4.137492168491103683e+01 3.364542841515273608e+01 -2.688657779267542480e+01
-9.362549066510371887e+00 2.683984838846753540e+00 -1.915304248150982858e+01
2.261510149467287434e+01 5.090404567924034396e+00 -4.106896851222963107e+00
-2.455668469079645888e+01 2.899545891514934226e+01 -3.463989169646207955e+01
-3.035779442756478730e+01 -4.080591581131843526e+01 -3.149210215196466223e+01
-4.275409767375338177e+00 1.695504436606439924e+01 -3.725565777455702943e+01
-1.862146120586470843e+01 -1.886950242022551549e+01 3.666246473200966705e+01
-1.370599707042565640e+01 -3.930279848810095444e+01 1.947549745362323748e+01
-2.255250444088419126e+00 -2.903283623660652779e+01 -4.545089990225552867e+01
-7.931211825673367244e+00 7.383462102295657026e+00 -7.412081725701479940e+00
4.169158745483441919e+01 -2.068825936636559248e+01 6.694731386345209145e+00
-2.205557451171029726e+01 -3.807851753897912772e+01 1.269565588085604979e+01
4.152962008464676558e+01 3.239411648242208486e+01 4.272553635035988151e+01
3.260920072877935638e+01 -2.368665309883326486e+01 -3.440850608421426671e+01
2.982938665783506593e+01 2.173734293808826834e+01 2.205929269003599202e+01
8.781667788074720704e+00 -1.488906410254771018e+01 4.060058284124294659e+01
-4.615448556089624077e+01 2.197449622996036211e+01 6.876273359805418650e+00
-2.908719503895443736e+01 -1.245141462496522955e+01 -1.693335176956311017e+01
-3.192772097690881239e+01 -3.945277080298916417e+01 4.939257398064205518e+01
-1.791074370998425636e+01 2.798302191265771199e+01 -2.271670492574033773e+01
4.104017315148328038e+01 4.865468191885198479e+01 -2.500649387243679556e+01
1.719153254398120367e+01 3.586073497317185144e+01 -2.138097146807460547e+00
3.667488931404135144e+01 -5.756223820590522067e+00 -6.568254045080301751e+00
-3.926614842332617172e+01 3.701769512893372394e+01 -4.617598194895003161e+01
4.894414782029856781e+01 -1.608315864745387813e+01 -1.222738908182743245e+01
-3.900978037562319312e+00 3.221662645964424598e+01 4.142618251958366216e+01
1.206934564151929123e+01 2.666402385514900075e+01 1.418663390701230220e+01
-2.146659235194085014e+01 -3.460849317597227781e+01 -3.386624611629537185e+01
-2.451908352690201909e+00 7.655333546135567602e-01 -6.055336312834103119e+00
1.013583404050810799e+01 6.864385836702013854e-01 7.839064020062491700e+00
-5.673290232493144458e+00 2.308346425090271836e+01 9.917303772026708764e-01
4.797380893937476287e+01 3.320104062281553325e+01 -2.319928830545280363e+01
3.779538848146298591e+01 -1.853410866384472655e+01 -4.190709337424078029e+01
-1.091590126927811610e+01 -4.980548165029594543e+01 3.749717899300468815e+01
-7.201214445211423509e+00 -3.418883734446966116e+01 -1.224191781094533482e+01
-4.594258612587773882e+01 1.758571643391810824e+01 -4.849712100239779033e+01
4.164823268363311115e+01 4.590980123992858353e+01 -2.687058643502924227e+01
-4.725902673699163614e+01 4.215528916083491850e+01 -4.119072474773677328e+00
1.504912380073862899e+01 -2.623095355608535684e+01 -1.393674760081227149e+01
-1.877927681606611543e+01 -3.833024934966052655e+01 -2.098567065125830311e+01
1.896926624415308282e+01 -1.648049369240177597e+01 -3.853680149556910806e+01
1.812603940841983619e+00 -2.594852850824316448e+01 4.123279475768018187e+01
-2.173457758272919804e+01 -2.762476256591559576e+01 -3.020892605035288980e+01
-1.914914748376504861e+01 2.571223704330354209e+01 2.983283459874606081e+01
-4.619246609629254863e+01 -1.164190184267260797e+01 3.670393827255151820e+01
-3.328299694900496064e+01 4.257859573743082393e+01 1.647062902435709830e+01
4.309782648731521704e+01 -4.801350661748038107e+01 -3.466061078294855236e+01
3.626159353944146346e+01 -1.277702656722918917e+01 -1.491858138907968723e+01
-3.031536618754815393e+00 -2.743081164954636009e+01 2.069833093625824816e+01
2.112868078477647771e+01 -3.863412807354895762e+01 -8.566906509218541466e-01
-3.776506560428867232e+01 -3.103169805706010820e+01 -2.940610824597951023e+01
-4.673280397129499875e+01 9.600007505655771212e+00 -4.008549838120172382e+01
