1.643452009133240921e+01 -1.618236359167495531e+00 5.679064813825141300e+01
2.341546401915760356e+01 -6.730664958848524559e-01 -1.669886769166211309e+02
-5.917236099710581243e+01 -1.411013854839548110e+00 5.536786377782851076e+01
-1.964869049786627286e+01 -5.414063540845340805e-01 1.635460100785537634e+02
-6.823353196315021307e+01 -1.074466153317038097e+00 4.344293958207082085e+01
-4.489372562614767581e+00 -9.473740253627985775e-01 4.102846104160767737e+01
5.164262898732101803e+01 -2.264487015995556352e+00 6.336101370955886836e+01
1.537051587976687017e+01 6.127223797970230201e+00 1.054772764754647483e+02
-5.313667109059642257e+01 -6.288467477756926050e-01 1.653958570014617067e+02
-1.039762301148203782e+01 -1.870528359833189436e+00 -2.009831936219999875e+02
-2.891902797595649943e+01 -7.917056970850540054e-01 -2.063903500827347557e+02
-2.560846845525702165e+01 1.282495686950899882e+00 -5.447577233345629821e+00
3.219367556819822340e+01 -1.785151594160481858e+00 -1.895336294513768394e+02
-1.900421691888778408e-01 -1.294789814232938596e+00 -5.146209022967124724e+01
-3.887747810982725127e+01 1.167861196618501074e+00 2.416033947675690285e+02
-9.650598871302124238e+00 -1.360899974089593512e+00 5.423009223422344860e+01
5.093581645673597791e+01 6.310414285342229590e-01 1.379749977277033679e+02
-6.575316299298368961e+01 -1.205913604118721061e+00 -4.791657577710157767e+01
3.683387990209852347e+01 -1.648778418913534882e-01 -8.478990556884687635e+01
2.563593280284387266e+00 -2.008613709232837774e+00 6.076760948288089992e+01
-6.072392186887590526e+01 -4.179901291315581413e-01 -3.224849341319715990e+01
3.308230599205828071e+01 -1.735827754316974891e+00 2.012903190070232426e+02
-3.163998153593928464e+01 -1.046386343905244987e+00 4.313921973210677407e+01
2.302249406154420441e+01 -1.368105070034382753e-01 2.949187800447235830e+01
1.854279449604449326e+01 1.798404956247601660e+00 1.384285963308830691e+00
4.848030890337778231e+01 -6.923903067295411606e-01 -3.940075465841992042e+01
5.870210302573604366e+01 1.760518107668454513e-01 -2.405419419165323802e+01
-4.441260366676424809e+01 3.113589770401629098e-01 2.225824409257003538e+02
-3.586785031225326037e+01 -8.003006695903905898e-01 1.691022123959473902e+02
-3.888823556867774300e+01 -1.554824120917172481e+00 -5.888240346292362659e+01
4.111635236796039372e+00 1.076064635589894403e+00 9.310774339980675052e+00
1.078012280473457984e+00 -4.068927962059664338e+00 7.821100959683320752e+01
-6.515069569820145290e+00 -1.022862173412858677e+00 1.739194055404438757e+02
6.308031903999238921e+01 -1.120008113586484777e+00 -4.732767868344755868e+01
1.738878123824807886e+01 5.411261918632892520e-01 1.396787190223685400e+02
4.278704930869353262e+01 1.490775350200688409e+00 2.345382550835348638e+02
1.019642237285167141e+01 -2.252431273078547402e+00 -6.323445779058865668e+01
-1.794515421811377465e+01 -9.819869443387524433e-01 4.162584830614885334e+01
-6.149289987420521442e+01 1.273879892568883232e+00 4.229297804553151963e+00
-5.623347513017757393e+01 7.128672010536301062e-01 -1.530507570980123866e+01
-4.164157301617761675e+01 -3.930762000978427761e-01 3.197270164777788182e+01
-3.167769808616968774e+01 -3.473412482960522407e+00 7.389448085610412420e+01
4.545850713049484426e+01 8.010379753577228090e-01 -1.430308793021664826e+01
-3.327598256932103737e+01 -1.117888679532982765e+00 -4.502566382040890858e+01
2.401412507389367690e+01 -3.191389841105452874e+00 -7.370730565987258842e+01
-5.921251412567531069e+00 6.811522353204481073e-01 2.285842583211610020e+02
-2.404714981388752904e+01 -1.425606554488306088e+00 5.619574556136659282e+01
-1.595369556268027367e+01 -3.860430946649262118e+00 7.695495700966814923e+01
-5.330556999493026638e+00 6.985085069401680835e-01 2.624972843383716281e+02
6.336920517259901686e+00 1.656886843053949065e-01 -1.445871544349290616e+02
-1.497005046386874660e+01 1.011507156785137251e+00 1.001300701414001537e+01
-3.005803409359841183e+01 2.077646337952493427e-01 -1.422207742207428680e+02
4.771185895218380324e+01 -1.480557644712224619e+00 -5.391369204914323632e+01
1.061730884705322175e+01 3.477689045704287496e-01 2.785147413132983161e+02
-1.530786858936454564e+01 5.078456856525790375e-01 -1.934670330737393229e+01
2.290395909076644188e+01 2.751635522668879549e-02 2.184120734904609549e+02
-1.264032314991592010e+01 2.998677375594840933e-01 -1.390413149885360156e+02
3.254377043429123972e+01 9.505198487969875876e-01 2.588998905099831518e+02
-7.846128884988086583e+00 1.277587365167565658e-01 2.479486847795490689e+01
2.453492192066397237e+01 1.132378686819562608e-01 -1.491393150372956882e+02
5.990503582146372707e+01 1.762264439434857666e+00 -8.592563143360183453e-01
9.838940216338551537e+00 1.204141221521752181e+00 2.503673884085263239e+02
7.355934039628688303e+00 -1.503507366370219644e+00 1.844640231253419245e+02
2.489048587511761212e+01 -9.931079195266118154e-01 4.450515354822613290e+01
5.926283025233784230e+01 4.135380325682360692e-01 1.970456000957419818e+01
-2.327785832007196731e+01 -3.718473073541219254e+00 -7.492309863997152775e+01
4.408679763744173385e+01 -1.159824480708843808e+00 1.775606491778619045e+02
-1.236637189618342880e+01 3.290175057573560546e-01 1.373216009956140908e+02
3.245751810651572811e+01 -1.643944219642297977e+00 5.692661576674502300e+01
-8.165253183098206691e+00 -1.633956286632755883e-01 -1.547006637697314773e+02
1.565951597920911098e+01 5.412302304667430342e+00 -1.068606422777391600e+02
7.878682566450140534e+00 -3.489813127981985508e-01 1.595246340733076806e+02
4.497030134168019799e+01 -1.252238837495920798e+00 4.962218748906855836e+01
-3.940672544951583944e+01 6.286038633416602961e-01 -8.553109982410997247e+01
9.530624434294463043e+00 -1.446794403939480445e+00 -2.032468066140964140e+02
-2.971342389185722155e+01 -7.047006204277470043e-02 1.516362711956172973e+02
2.307413113135950322e+00 1.780575842354961136e-01 1.440808801977861435e+02
4.287304022561387029e+01 -2.489350220429782101e-01 -1.571457897734138101e+02
8.221465015975569557e+00 -9.311231425404069562e-01 -4.306024963639848835e+01
-2.089685824574744544e+01 1.071009521834950684e+00 2.495520482169148409e+02
3.201371891915697177e+01 6.496488043945140012e-01 1.342899297406896437e+02
2.729987016971893965e+01 8.113896928460024860e-01 1.423494745128967587e+01
-2.427381167414880991e+01 4.180216711817585362e-01 1.270199716023376340e+02
2.262092109954221542e+01 -1.620682037063876368e+00 -5.674226772376561456e+01
7.236281145681564908e+01 -4.530647776157483264e+00 7.240170351480495015e+01
-3.058824972867362035e+01 3.488493217314184713e-01 1.382042185117459496e+02
-3.832371728999457616e+01 -8.797545448028550874e-01 -1.711309240915864223e+02
7.455469985236848451e+00 9.395607759179679386e-01 -1.204797001244054577e+01
8.287038400436648189e+00 -9.646077063445270827e-01 4.402547787361095288e+01
3.811326976765462859e+01 3.862184608778780892e-01 1.248131537550381722e+02
2.584290563494587190e+01 8.450647525521738368e-01 -1.399069412539384238e+01
7.544035137105313815e+00 -8.634437026555344952e-01 -1.711818447308061479e+02
-3.384015184581643609e+01 4.545757787017925544e-01 -2.029842258748028172e+01
-6.702816746951431703e+00 1.343510490104894206e+00 -4.487459703704893776e+00
-2.498463541015736311e+01 1.761398080377606090e-02 2.636881663959110966e+01
-2.246199840289869343e+01 7.050049067655813628e-01 2.285010096475542980e+02
2.436141303638874334e+01 -1.278749321403837902e+00 1.799279794163940949e+02
-4.323676788119718850e+01 -4.579611167643237724e-01 -3.290118578857213549e+01
-8.363179941824341768e+00 -1.370950496000884200e-01 1.538377950055660790e+02
4.021292578748325752e+01 5.916421438828155521e-01 -1.382501875419320641e+02
2.029276395723408299e+01 -3.145384722489735552e+00 7.374168364997495928e+01
7.337624439745535021e+00 -1.022820082299039202e+00 2.063142576697457002e+02
-4.848240490782364986e+01 -3.401667761667855755e-02 1.504062516316659526e+02
-1.031156494791452261e+01 -9.902900267273955226e-01 -1.737161809176955956e+02
-5.133306133191167930e+01 -1.072758128945854317e+00 4.351428728744848939e+01
5.459353259077872877e+01 -6.352566155015288984e-01 3.843058235049024773e+01
-2.226390343072263889e+01 -1.584701200207187188e+00 1.869352910675461601e+02
-3.179606121371396910e+01 9.755409604399077894e-01 1.059736188454638217e+01
3.167038317549178927e+01 1.741677007507161090e-01 1.478940197567632424e+02
-1.024425853822004662e+01 6.008019260727435196e+00 -9.438595072092421390e+01
-2.431765321295619486e+01 -3.932082681638332522e-01 -1.605097992701437875e+02
3.448729972219808104e+01 -1.059614506368091874e-01 -2.906765859039315103e+01
-2.377893637022844686e+01 1.457365234419623901e-01 2.772405307028638504e+02
-4.243013350259128202e+01 -2.041788590362522804e+00 1.948974656036176327e+02
-5.491715976235470720e+01 -1.944757683995549824e+00 -6.099135100460796366e+01
-2.983124424400183017e+01 -5.313678935695995698e-01 2.106588405331927447e+02
1.873827945828088914e+01 5.592077834377002787e-01 -1.337456594828189793e+02
8.102093533416883986e+00 1.161064536520873269e-01 2.527688644179935196e+01
3.770672297686424912e+01 -3.253792433384627092e+00 7.564916201321383937e+01
3.485223895138054928e+01 -1.313852327547900156e+00 -5.057515827221706672e+01
-1.134581556650704393e+01 -1.023804293982542246e+00 -4.271958885233513570e+01
4.924985801000884322e+01 -2.734601468927522205e+00 -6.846797828115761320e+01
1.314839149031932486e+01 -1.186423473888551482e-02 -2.752303057521502794e+01
4.403761628243056236e+01 7.285926587607728377e-01 1.526375342997258677e+01
-4.023991707953999253e+01 -1.340953359713646043e+00 5.356491295950111464e+01
-4.487292531606637169e+01 -4.671561497415699371e-02 -1.507216719387357102e+02
3.856764612271597059e+01 1.894567310802247606e+00 -3.258006286409515506e-01
2.369193075130622717e+01 -8.415489301722046678e-01 -4.170095426560695984e+01
4.888063801696775101e+01 -1.622077764269786171e-01 1.550934014079358576e+02
-1.073507596996688562e+01 -6.335884325113880777e-01 2.100956238633092994e+02
7.240357292322440230e+01 -4.618959201383837865e+00 -7.322054171034486103e+01
6.543688626432015099e+01 -1.126944737735896540e+00 4.740768626419359322e+01
3.877241577626848112e+01 -4.221266161789324900e-01 3.446981065946776113e+01
-4.936433476743607685e+01 -1.169405252204398726e+00 -4.671295840458099491e+01
9.520478746661352076e+00 1.035450550284246818e+00 2.297323737934773931e+02
-4.802790641875194666e+01 3.254069799149807984e-01 1.358617352841671106e+02
-4.680788912908739974e+01 7.072578755997432909e-01 1.543830634063602147e+01
2.647079044255376701e+01 -4.402408620851966936e-01 1.613729199395475860e+02
2.048948622533802055e+00 -3.903475515952984587e+00 -7.633943954419549982e+01
2.521479316391657122e+01 1.505612059411230552e+00 2.387709126303736298e+02
-1.155038381141941883e+01 -1.544183807970598066e+00 -5.855500748304822167e+01
1.526320077013266996e+01 6.551890370968882493e-01 -2.258693515319260996e+02
-4.761831959413066784e+01 -2.909005598891938771e+00 6.903584418089859298e+01
4.409422578492642231e+01 -1.014532052179283883e-01 2.171874817772809649e+02
-2.314579002788363127e+01 -5.748273733960911347e-01 -3.476735711963047493e+01
-2.421821602490341618e+01 -1.419929881219931245e+00 -5.485690388740535894e+01
7.344794712479828291e+00 3.859185848495616522e-01 1.290883988651028744e+02
-6.042868476904795472e+01 -9.940979041381910880e-03 2.650417440775380484e+01
-4.380429749843386134e+01 1.323589861174059523e+00 -4.308899883529548447e+00
-2.731288859654966039e+00 -1.184316224877548507e-01 -2.840674199363040842e+01
