-1.777383984499336123e+01 2.469813172707235623e-17 1.485237477832290551e+03
-1.091351787077383451e+00 -7.171431333767996742e-17 1.179960081283435557e+03
3.162872774050395908e+00 -1.249144911450061608e-16 1.085122635443339959e+03
4.437800370752586154e+00 -3.746158926446716777e-16 -1.537975264278336908e+03
2.882428087108494519e-01 2.480570360266051344e-17 -1.034356085645240682e+03
4.347578449734453443e+01 1.339615631382970929e-17 -1.160586332977830580e+03
-1.373275243518841116e+01 1.493670115495350662e-17 1.368001043609595854e+03
-4.070604938022927399e+01 -2.852240692374158333e-18 1.177192215779548405e+03
8.056045424976412406e+00 3.305605261720837722e-17 -1.384182668915501608e+03
3.767865730273464209e+01 3.663278782998762298e-18 1.123076189174421415e+03
-4.856218509139766049e+00 -5.950411050382079631e-18 1.355237420842378697e+03
4.388771305033408510e+01 -6.778184131526483198e-17 1.410001041376659259e+03
2.298499807013272900e+01 -1.326405923392015893e-16 1.367086822605533143e+03
2.495143144526506518e+01 -8.187266473480650996e-17 -1.375108345776392525e+03
-8.023298377855875074e+00 4.374123800768169280e-17 -1.355257762888053321e+03
4.560123787486172375e+01 -6.395531742722723679e-17 1.370407203345243715e+03
2.809106317838338640e+01 3.312791873885375484e-18 -1.269516874178685384e+03
-2.958412917850967272e+00 7.525116748304285736e-18 -1.165307568891869323e+03
-1.033232824309503428e+01 -9.229329998417130434e-18 1.250046957555455265e+03
1.424865029374591785e+01 -4.996185629008253227e-19 1.331836269457765184e+03
6.888678815001771483e+00 2.318552684217060604e-18 7.933342007037011854e+02
2.214432664228386827e+01 1.212886194634414116e-16 -1.432414329260888735e+03
1.306318676582319327e+01 -4.485308986907330026e-17 1.225779492080458340e+03
-4.288176256702932676e+01 -3.319292896444463694e-16 1.197442680551766216e+03
7.751011778853053036e-01 -1.158376176927399542e-16 2.451786302296040105e+02
-8.658574525229965957e+00 9.665170209259740275e-18 1.273609664894842354e+03
-2.837699839691453008e+01 -1.160525426898946544e-15 -1.489714155778938903e+03
4.483156707848745093e+00 5.500560073915465736e-18 -1.441272853431831209e+03
-1.358950481470269089e+01 5.875314410514072254e-18 -9.911762225237409893e+02
-1.107690326660254421e+01 -1.265870958889655126e-16 -8.607595619598562280e+02
-7.974187198275977106e-01 -2.018069945980572060e-17 -1.486539683165364636e+02
2.879755258733041501e+01 -1.221426913927729658e-17 1.399943769711411278e+03
-4.780009027529502674e+01 -8.948397828671156770e-17 1.365935407195830066e+03
-1.682613795821907843e+01 -3.128022360365295435e-18 -1.151972454016865868e+03
4.894140731055968274e+01 -3.252227799718142140e-17 1.391680642383902978e+03
4.469263968429424949e+01 -4.363224547061737771e-17 -1.446129317129064020e+03
-4.663985151171038979e+01 -1.763532734368041984e-16 -1.390680256080249364e+03
-1.439633630376456352e+01 8.983553221066952242e-18 1.035185112868953411e+03
2.359894483637026497e+01 1.610424087542286802e-17 1.420396330970708505e+03
3.111137589553339922e+01 4.959477295494368384e-18 1.198953502447159963e+03
-5.088837239724941508e-01 1.638451123516305059e-17 1.161366579199311900e+03
1.433785865410676763e+00 -3.502330771093857719e-16 -3.068784569744352666e+02
1.135536965271729493e+01 -3.268177001869504435e-16 -9.946756289059966321e+02
-6.889464784791658580e+00 1.089540215531675325e-17 1.051287754094987577e+03
3.801955220230475874e+01 -4.367560491583914592e-16 -1.216927401195071525e+03
-4.318891777760061501e+01 -6.670032741125289113e-16 -1.296444570939284858e+03
4.497097158270222828e+00 1.185359838137913803e-17 1.430651601523070440e+03
1.558214142960382276e+01 -4.215498764731122866e-16 -1.284141496792293538e+03
3.800953738505969515e+00 -3.430961930521609612e-16 -6.475063647189205085e+02
-3.117629997925952878e+01 -4.968437113455830472e-16 -1.242260918286186552e+03
1.375132819643281712e+00 3.553966420731922175e-19 -5.547125280995048797e+02
-4.337104468071950691e+01 1.179654224692252434e-17 1.316513331121198235e+03
-2.190839496243848572e+01 -1.465856488031568262e-16 1.062537910952487437e+03
2.703193397002867115e+01 -1.174978620638602049e-16 1.436684953916834047e+03
4.071254258172205454e+01 -1.160719804383031402e-17 1.261000780716880854e+03
3.664190984257292172e+01 2.027732595605353461e-17 -1.111485287880717578e+03
-8.848331939895512477e+00 -1.547605026444413266e-16 -9.098824104789381408e+02
-7.865961522340280787e+00 2.384542715702339890e-18 1.317857456742710383e+03
-8.067751826763918999e+00 -1.739062110535178329e-17 1.224222158280706026e+03
-2.216848076578761262e+00 4.713741522174780632e-19 -6.040824106586098878e+02
1.016235753722569157e+01 -2.896294008557133993e-18 1.445787109113520046e+03
2.791661431346640043e+01 1.925467521131023170e-16 -1.084864266591688420e+03
-7.257725443609619909e+00 -3.038248680157980694e-16 -7.585967735836236443e+02
-6.729620774115775639e+00 -3.437912576812233213e-16 6.970557218478483037e+02
4.805125980922499451e+01 1.291840486869954017e-16 1.349775078558001724e+03
-3.329190809078907165e+01 5.580952513034482668e-18 1.089509857308120900e+03
-1.703912505819924705e+00 -1.846114028466068881e-17 1.102321231293658229e+03
-1.492837968850632357e+01 4.541006531497874971e-19 1.467323393888139208e+03
-3.717022879219639009e+01 3.115960192553380237e-17 -1.314227776182181287e+03
-3.336114979401087766e+01 5.188399923120554347e-16 1.119114247304823493e+03
-3.183796324043305148e+01 1.036297799559695904e-16 1.499393162454650792e+03
-2.230809609349734757e+01 -2.491172392316067106e-17 1.105529470584402816e+03
8.380841315215056042e+00 -2.478417451668270534e-16 1.308504622526674211e+03
4.687943360979594587e+01 -2.842970706546865514e-16 -1.347132644377615861e+03
-8.303646036438419031e+00 2.621121934095709666e-17 1.384263581616770125e+03
-1.224102910181080811e-03 -2.249423731351821526e-16 1.613680604851249711e+02
-2.646140127143629783e+01 1.419581842546129786e-17 -1.382515360041955091e+03
-2.113341062961230676e+01 -7.198890701517741757e-18 1.408855390739836594e+03
1.294939031900691262e+01 -5.388997317108726711e-18 -1.180042362964679796e+03
7.039441043758072780e+00 2.418219562172853593e-18 -7.848623755596725005e+02
-1.294079581301386916e+01 1.532031837927275353e-18 9.429997609491703088e+02
-2.486949289568400445e+01 1.569107950425181355e-17 1.305852665609397491e+03
-3.771994878900442671e+01 -3.301733265055336339e-16 -1.123772781482473647e+03
2.365484206401254852e+01 2.483798680313269069e-17 -1.450829676657059281e+03
-6.598646859898014971e-02 -3.406253745963952623e-16 6.957670827035200034e+01
-3.602050937726089330e+01 2.104677010357636178e-17 -1.457208137970958205e+03
9.504248004965335284e+00 2.495013639224382300e-18 -9.314637064274867271e+02
-4.702428084819145226e+01 8.604290951040336584e-18 -1.426775370672229201e+03
-1.509112296146433252e+01 -2.349723367146756304e-16 1.438931281854410145e+03
2.246979044392703884e+01 5.476073522153646590e-18 -1.248877817760897415e+03
1.011245829611156921e+01 -1.951979737491777152e-17 1.208146472567250839e+03
1.525822619165605909e+00 4.211038163507684010e-19 5.645417217113342758e+02
4.556781665610701992e+01 -1.152971939902476268e-17 1.240288680236338905e+03
-4.624535578928604451e+01 5.676239305650102025e-18 -1.251842886449782782e+03
2.833512470598741473e+01 4.298020790935005460e-18 1.456880313317361015e+03
-8.261868136140735785e+00 -3.742746095925102744e-16 1.295436151804876545e+03
-1.388096290074535943e+01 1.274413463807598281e-17 -1.132471988240452447e+03
6.558992638975421841e+00 -1.725608575971678740e-16 1.372708278562424539e+03
-1.744722702589100649e+01 -1.049895733277239347e-15 -1.047105233290266597e+03
-2.010069802348301238e+00 -2.405353054905463668e-16 -3.781248725423567976e+02
-4.039317311222481521e+01 -1.954667799008008516e-16 1.415121861822479104e+03
-4.502726664951258329e+01 -4.266571055661133018e-16 1.221994280014128208e+03
-4.449160119464949048e+01 -1.567375913291534638e-16 1.339672260685360015e+03
4.450841594059812678e+01 5.317142455260597250e-16 -1.281830136717742334e+03
-3.780787900224231635e+01 -1.072594053076758938e-17 -1.195378686413894911e+03
-1.256688673620381280e+01 1.427281996792655139e-17 -1.306599425551686636e+03
-8.189045911826399404e+00 2.689371668915121457e-16 1.203159025223341132e+03
-1.230314353962309681e+01 2.621804916392807503e-17 -1.467672777718229781e+03
1.120312810284069016e+01 2.852763934516736568e-18 9.768597576397548892e+02
-1.715796180461316922e+01 2.076234848692798419e-17 -1.064001909449884351e+03
2.364837675124320082e+00 7.321319779878181015e-20 3.957939288214429325e+02
8.644114933685250080e+00 -3.134767878438623035e-16 1.287008367499647875e+03
-3.614515176397472374e+01 -1.112573405699810766e-15 -1.473625293760015893e+03
-2.132188552626366373e+01 -1.068497145971355177e-16 -1.079917181427103742e+03
7.141792287313234233e+00 -4.031821141891921854e-16 7.315418848065116890e+02
-2.375777588161319187e+01 -4.325567624999603234e-16 1.425487786543916854e+03
-2.348982092058854576e+01 2.087922954619790022e-16 -1.290256786977313595e+03
7.988422940756777280e+00 -1.183825665603859949e-16 1.117052591587131019e+03
-2.320468597890167217e+01 1.197507343081810672e-17 -1.112241865334702425e+03
-1.612647445233129861e+00 -7.099244767191512484e-17 4.498515898990639812e+02
-4.450162364524769743e+01 -3.260377212233940841e-19 -1.354828848417005020e+03
2.853077402576355226e+01 3.500080940571510754e-18 1.092363887139573080e+03
-2.889252644266217374e+01 5.675933791458752536e-16 -1.214461030537022225e+03
2.203018042314840130e+01 -4.382104665870176885e-16 -1.127123625255805109e+03
7.164098982171261731e+00 1.551698102928454131e-18 -8.872745028349326049e+02
2.481751430153865101e+01 -4.261920715396290497e-16 -1.410371815880792610e+03
-3.300896694486941385e+01 6.349389181659234639e-18 1.356067685059253108e+03
8.500672417187137953e+00 -4.119411790473672112e-16 1.002634873171869003e+03
4.543151859774737744e+01 -7.821964040056051341e-18 1.446353832458534043e+03
-4.607956443754947173e+01 2.123701725493087984e-17 1.400376764383585623e+03
5.446915488597356969e+00 -6.972994344152670242e-17 1.241999969053799987e+03
-4.314554471061737217e+01 5.089176616405658441e-16 1.156836262588299178e+03
-4.431407128092875780e+01 4.551491712329084340e-18 -1.373021586726421674e+03
-1.283779677131373198e+00 -4.196262711484984583e-16 -5.015647951404030778e+02
1.049850199945939089e+01 9.249976025086360357e-17 1.463731758142145281e+03
-2.146076787813115061e+00 -3.995770602698299844e-16 6.129770558555266007e+02
-7.616464420173065797e+00 -4.306154710868046576e-16 -1.277977281339424735e+03
4.325921092309378935e+01 -1.320592135469600602e-16 -1.134195366867082157e+03
9.837391320640771042e+00 -9.789533020660039170e-17 -8.463041959913821302e+02
2.883975981588557946e+00 2.710319557789054868e-17 -1.296511051066950813e+03
-2.894743366450800437e+01 -1.063559966434597669e-15 1.376229669366269718e+03
-4.190880862745927971e+01 4.670732984059519363e-16 1.244469825348506902e+03
-3.881010387125965355e+00 -1.260540240258493620e-16 -1.187863112511355439e+03
-1.344650294200370233e+01 2.869345646513027371e-18 9.822695819599122160e+02
-1.711606458864558089e+00 2.816031326339922116e-17 -1.106515332001924207e+03
3.741779023667464799e+01 8.225308906983898905e-19 -1.299867147579106131e+03
2.529398436491502977e+01 -7.076368751965750584e-17 -1.356334090846186200e+03
-2.026363475031630657e+01 -9.055127428912317338e-18 -1.436379901398664288e+03
-1.054972295118650294e+01 4.704045062925983947e-18 -1.409457939201147838e+03
-2.451617497814127944e+01 -8.657464292790634758e-18 1.233784431432653946e+03
-2.513273556054436497e+01 -1.629857438804584283e-16 -1.363919540261253132e+03
2.801965530118779313e+01 -7.058049549273705278e-18 1.295825655749350972e+03
4.443788369379943504e+01 1.508421120976015256e-17 1.283256667027209915e+03
-2.641758340669625582e+01 1.308607683815531268e-17 1.282995477748597978e+03
1.068732621242272363e-01 -1.181952729578211120e-16 -5.893786408120072196e+01
1.215949332981531761e+01 -7.648831329273274013e-17 1.408185683209436093e+03
6.785426733090930362e+00 8.463846811849020995e-18 -1.402063796718379535e+03
9.719089994483882222e+00 -3.584217490328794575e-18 -1.210673073916655312e+03
1.118531737245464974e+01 -2.163439698275838549e-16 1.518998792060673168e+03
7.848338124095995738e+00 -1.214236197309332373e-17 -1.263956417052252164e+03
7.701151597354675360e+00 -3.667791618324009876e-16 -1.460372719725809020e+03
1.756091411480750608e+01 1.029350884545609065e-17 1.044037590862487377e+03
2.526979326039241514e+01 -8.551436929413323784e-17 1.483244869584473463e+03
4.622055128343823327e+01 -6.473657222772600815e-17 1.210553143956190297e+03
-3.843184574497412598e+01 -2.840113062491295459e-18 -1.141697888305072183e+03
-4.177819797785929268e+01 -3.423110634559838770e-17 -1.274619819345888800e+03
3.777638086214918189e+01 2.985024145503432349e-18 -1.179701232842926856e+03
1.268283813920147018e+01 -3.516407860267447090e-16 1.024915846573684121e+03
3.784036204543011195e+01 6.677742520563282833e-16 1.141113361543335941e+03
4.096049418934960329e+01 1.634834566738764632e-17 -1.429537008142530112e+03
-1.817813615531778737e+01 6.548308018089674478e-18 1.524860141095443396e+03
5.482947526317344389e-01 9.815670711874279668e-20 -2.249520579485757992e+02
-1.476632523436467004e+01 -4.761820438397323789e-17 -1.200882237770502115e+03
2.664911341902911701e+01 -7.393290221804844172e-16 -1.500533048419162924e+03
-2.704636132344345967e+01 -8.812207597538104380e-18 1.211383976088086229e+03
-2.433878904315729841e+01 2.328816107817046543e-17 -1.265728555507067767e+03
7.244573585578542030e+00 -4.818899733953301651e-17 1.263474901207889616e+03
-1.111689647264760517e+01 -1.932931584401217097e-16 -9.507082752003690302e+02
2.550345514839564132e+01 -2.832206390692876708e-17 1.317122100915562669e+03
4.487109997133018169e+01 -4.229408534323691202e-16 1.310868064454763498e+03
3.276314511057540102e+01 2.565901257697541360e-17 -1.481857263175982553e+03
-7.328619433534455219e+00 2.168462821374390642e-17 -1.484173244621133108e+03
-4.393848711461284751e+01 -4.091135568663864832e-16 1.293270175771468303e+03
2.013400829335078868e+01 1.716220858908365148e-17 -1.101406005089576865e+03
-3.005691955330679344e-01 -3.841798979632816719e-16 9.147073514305202480e+02
2.337326851155595264e+01 -8.590652362147739468e-18 1.171803706880596337e+03
-4.646859601828010256e+01 4.200612662191863509e-18 -1.221218339666242855e+03
3.409956869807757585e+00 -9.647503666283853236e-17 6.570730410494253420e+02
1.431300073284899810e+01 4.561229358056396497e-18 -1.074138541137373295e+03
-2.081507137500700821e+01 -2.587203853149204494e-17 1.188547135653712758e+03
2.105697948763640781e+01 8.869260657170471657e-17 -1.196986307716412739e+03
-3.338967777140867810e+01 3.663627749428696031e-16 -1.095390865718016357e+03
2.658699346954960774e+01 -4.333129078759025294e-16 -1.146644350188909129e+03
-5.449867031681294272e+00 1.392831988229922845e-17 -1.219286331833975964e+03
-2.649330410686611970e+01 3.566658228107526220e-16 -1.344849281380553521e+03
-4.196010754207891935e+00 -1.234007453374549318e-17 1.335270966758723489e+03
-6.424384294693173736e+00 -3.316006947611029806e-17 -1.426021855306178622e+03
-4.281022747696610509e+00 1.222869163374400383e-17 -1.089771323064112266e+03
1.252879435088418347e+01 -1.165436234414893336e-15 -1.017080996872183505e+03
1.893555043274388794e+01 -7.476180829162750543e-16 -1.163094421548278433e+03
7.995776285794764515e-01 6.696168037689927537e-18 -1.320168700183603278e+03
3.069584475677746838e+01 -1.418765382442413372e-16 1.382479676816741403e+03
-2.633707170629916305e+01 5.791821189093370980e-17 1.327224956372912402e+03
-2.628227884500298828e+01 -5.548355801728090259e-18 1.259797222281104723e+03
-3.713090206153881212e+01 -4.533494529931229497e-18 1.442604612705647696e+03
8.261076426802015149e+00 -3.054526533874664764e-16 -1.365166042307930184e+03
4.565703661746371722e+01 -3.251631772254791779e-16 1.426747147782479260e+03
2.948094844677963522e+01 -5.567032963902290226e-18 1.504589968919657849e+03
4.619973968920255203e+01 -3.798700435581419674e-16 -1.398628803463607255e+03
4.426591885435712470e+01 -3.831923999625208096e-19 -1.256529891632100089e+03
4.770976221609920742e+00 5.910877571496595907e-16 -1.144365065221758414e+03
2.406781117184994656e+01 -2.638979773079206310e-16 1.273270846089407996e+03
-1.079473062780729187e+01 2.007250696997683654e-18 -1.523439332622555867e+03
-7.679436629840115991e+00 8.355433190207339159e-18 -1.337050434712228025e+03
9.692616245401254105e+00 1.397058134920011754e-17 -1.419940570197477882e+03
3.726364873788220677e+01 -2.734692408225399147e-16 -1.464314219183194837e+03
3.786670851726404408e+01 6.110256891229692976e-17 1.332597555645387956e+03
-1.106337051399760973e+01 -3.368860156649954106e-16 8.736086626924355869e+02
4.077824728414763200e+01 -1.455002809797610439e-17 1.471415597176278652e+03
-4.379152523332192715e+01 1.516298066437105839e-18 -1.333805923987956248e+03
1.779377240272101801e+01 -3.984167278223623527e-19 1.152913340694249428e+03
1.848782530365681609e+01 7.603232416840921162e-18 -1.325885944137277420e+03
2.383912794746565478e+00 2.548279141092117024e-18 1.538511936994589860e+03
-2.164057992874899483e+01 -2.190095754005768420e-17 -1.176440178728931187e+03
-1.189703732082949550e+01 -5.276900119631429907e-17 -1.451249159174568376e+03
3.067007638951977810e+01 1.500365150148982654e-17 -1.338156599196195202e+03
-4.082022242949052249e+00 1.671025738097573463e-16 1.400009812850942126e+03
1.419223096429332820e+01 -3.496840907166671138e-16 1.062070454845970289e+03
-1.361690488534087429e+01 -4.223129479634519016e-16 1.015283279646107871e+03
-4.870985957074759654e+01 -2.473896647135085211e-16 1.429827653234379113e+03
-2.549343982390136532e+01 -3.255116311359717735e-16 1.393261754280028072e+03
4.193031578010914018e+01 5.755249836171794124e-18 1.159579008098986378e+03
-3.201126637842216294e+00 -3.035864068943227779e-16 -8.153649161171539390e+02
-2.169080323169967173e+01 -2.870236909430516617e-16 -1.324808088499052701e+03
4.345455430037480227e+01 -3.975034547292628579e-16 1.181304567673866131e+03
-8.947039395286845220e+00 1.446685695322222064e-17 1.506025745639915840e+03
3.883515793223883517e+00 8.399250715445168536e-18 -1.239900237969024374e+03
-9.184946946513809607e+00 1.815070813108921898e-17 -1.253857668580932568e+03
1.121448451509297861e+01 -1.429017193973613726e-16 1.349840911845411028e+03
4.219491163341647422e+01 -5.743004772534954591e-16 -1.320630247475952956e+03
2.518113259320888275e+01 2.666286865995203258e-17 -1.393052150536704403e+03
-1.686931917853597795e+01 -4.351881882265250754e-16 -1.232559059409331667e+03
-1.556671448900640620e+01 -4.152542238567768438e-17 1.078955996147255746e+03
4.390937829133264358e+01 2.611322011507162721e-17 -1.414273619707176067e+03
-1.584487970062701834e+01 -3.397171983171868669e-17 -1.019977759413784383e+03
1.287315947220818302e+01 1.758460186859106681e-17 -1.516935594887507932e+03
3.465972301249312881e+00 -1.414940693947644313e-16 -1.122696451014383456e+03
-2.291978834645712837e+01 -4.875963379772476774e-16 -1.507641542589766232e+03
1.984523824016171289e+01 -1.410248277754967688e-16 -1.044650375582859169e+03
-2.746556783624747666e+01 -2.947387835199074227e-16 -1.419301180121322886e+03
4.448918500032419843e+01 4.440763450327752623e-18 -1.382620969912436067e+03
8.338798038682638136e+00 -3.813090692508502022e-16 -9.681664049323354675e+02
1.221580166215818153e+01 3.412803619840761488e-18 -1.477729905312772871e+03
7.680724787492567707e+00 -5.356897820107414791e-18 1.496258095915178046e+03
2.537131658022527603e+01 -2.580497325834155597e-17 1.075772253771574469e+03
-8.467595916625663577e+00 1.953174760550372156e-16 -1.374219037360546508e+03
9.378974087188904463e+00 1.332630085796552392e-17 -1.344834165845555162e+03
4.249593527938529292e+01 -2.276140426058962289e-18 -1.198677872122174449e+03
-3.930066421964389889e+01 6.665313360069054484e-18 1.475177218285778281e+03
-2.422951215486652998e+01 1.277411626803017157e-17 1.147730761207261139e+03
2.363414544405207707e+01 1.027549266999280468e-17 1.248859550621325980e+03
3.212705003566620832e+01 -6.361215298337981412e-17 1.225830199346478366e+03
1.190110335150462184e+01 1.250165624318180092e-18 9.474117848964685891e+02
2.510823345581636001e+00 1.852986559311891253e-17 -1.499226209002802989e+03
-4.647120568162513621e+01 1.054989520893552434e-17 -1.408754029225401155e+03
2.851001573845000436e+01 3.205132385719312555e-18 1.108592507279609208e+03
-4.473151398274572443e+01 -5.501066033751702626e-17 -1.176949211553686382e+03
2.949333308510893303e+01 -5.444245824361623608e-17 1.351434857241060172e+03
-2.805297279604915417e+01 1.470766626139915780e-17 -1.400557125778187356e+03
-2.064576493327112772e+01 2.840341798208337527e-16 1.344384687291673117e+03
-4.116367576916141502e+01 -3.440865412306004980e-16 1.134901413997358077e+03
-7.486147352799394916e+00 3.426333417983683240e-16 1.452754013455457880e+03
1.511703526329085712e+01 -3.097218936233908185e-16 1.133935151222779723e+03
2.002746186475802759e+01 -2.969870258401563398e-17 -1.227933193744564505e+03
-5.047457849965921284e+00 6.026675717989481217e-16 1.143193944762718047e+03
-1.496538043845478727e+00 -2.606340238974856786e-17 3.269240378268942777e+02
-9.374611143306673666e-01 -7.987423025624754347e-17 5.128377121895964592e+02
1.575200336053220962e+00 -3.016905764472642686e-17 -4.426907114636643996e+02
-3.857688194957754746e+01 -2.664903995536082293e-17 -1.441485171539909516e+03
8.999600002719944314e+00 7.673043099789526817e-18 -1.059137250632787755e+03
-4.442813446644159825e+01 -2.196737552861604906e-18 1.268253910493743433e+03
1.070950898848497168e+01 3.814982253609275837e-18 8.878183339377046650e+02
-6.868763400646836104e+00 -2.741811596625223350e-16 7.637033053050951139e+02
-7.186526447744066459e+00 -2.391788629042952875e-16 8.204633896956563603e+02
1.401201326739557373e+01 -2.866829242035985431e-16 1.189492885861773402e+03
2.499091582537158907e+00 -3.768283765216422788e-16 1.478643628282324926e+03
-1.130721404887492554e+01 -3.125930550053112617e-16 1.125701994065549570e+03
4.560672972276572423e+00 9.348397407189650477e-19 -7.248628165858848433e+02
4.378615142266517068e+01 1.250706800259315576e-17 -1.365757268973938608e+03
-9.721878186579102632e+00 3.480149960385985244e-17 -1.392047816067960639e+03
-3.353270461450469497e+01 2.783713578190453122e-18 1.458101227635598434e+03
-2.045847073556195639e+01 -4.255352505213953233e-16 1.168195046400014007e+03
-3.692295351862660624e+01 1.140537462782544367e-17 -1.159692218474867786e+03
-4.288164534120288529e+00 -4.207509464922909708e-17 1.417633946082501325e+03
-4.692078491995224709e+01 -1.834377902746877840e-16 1.384192200541874627e+03
6.704058106838451714e+00 -2.213206982345066018e-16 8.460513030668607826e+02
4.149466770188453069e+01 -2.785182964671768696e-17 -1.236009859576482768e+03
1.207719059542842110e+01 -4.689799073930655504e-17 1.389388751376237678e+03
1.988717855925153799e+01 6.398259842600188608e-18 -1.307400837765184633e+03
-4.187160377867487959e+00 6.845273290604617953e-19 -6.873779278595903861e+02
